time_s,load_velocity,load_torque,test_velocity,test_torque,loadcell_torque_nm,load_voltage,load_current,test_voltage,test_current
0.02,-0.10,-0.53,0.01,0.00,-0.00,47.82,0.00,47.90,-0.00
0.03,-0.23,-0.37,-0.08,0.00,-0.00,47.82,0.01,47.89,-0.00
0.04,-0.07,-0.59,-0.04,0.00,-0.00,47.82,0.01,47.89,-0.00
0.04,-0.01,-0.67,-0.01,0.00,-0.00,47.82,0.01,47.89,0.00
0.06,-0.01,-0.68,-0.01,0.00,-0.00,47.81,0.01,47.90,0.00
0.07,0.06,-0.77,0.07,0.00,-0.00,47.82,0.02,47.90,-0.00
0.07,0.07,-0.80,0.07,0.00,-0.00,47.83,0.02,47.89,0.00
0.08,-0.09,-0.59,0.07,0.00,-0.00,47.83,0.01,47.90,0.00
0.10,-0.12,-0.56,0.07,0.00,-0.00,47.83,0.01,47.90,0.00
0.11,-0.17,-1.16,0.02,0.10,-0.00,47.83,0.03,47.89,-0.00
0.12,-0.29,-1.02,0.09,0.10,-0.00,47.81,0.02,47.89,0.00
0.12,-0.28,-1.03,-0.13,0.10,-0.00,47.81,0.03,47.91,0.00
0.14,-0.25,-1.08,0.12,0.10,-0.00,47.82,0.03,47.90,0.00
0.14,-0.34,-0.98,-0.03,0.10,-0.00,47.83,0.03,47.90,0.00
0.16,-0.37,-0.95,0.15,0.10,-0.00,47.82,0.03,47.90,0.00
0.17,-0.36,-0.97,0.51,0.10,-0.00,47.82,0.02,47.89,0.00
0.17,-0.39,-0.94,0.47,0.10,-0.00,47.83,0.03,47.89,0.00
0.18,-0.39,-0.96,1.19,0.10,-0.00,47.82,0.03,47.91,0.00
0.20,-0.39,-0.97,0.30,0.10,-0.04,47.82,0.03,47.89,0.00
0.20,-0.37,-1.66,-0.10,0.15,-0.04,47.82,0.06,47.90,0.00
0.21,-0.55,-1.43,0.39,0.15,-0.05,47.83,0.04,47.90,0.00
0.22,-0.90,-0.99,0.21,0.15,-0.06,47.82,0.04,47.90,0.00
0.23,-0.72,-1.23,0.34,0.15,-0.06,47.82,0.04,47.89,0.00
0.24,-0.70,-1.27,1.70,0.15,-0.07,47.83,0.04,47.90,0.00
0.25,-1.21,-0.62,2.02,0.15,-0.08,47.82,0.02,47.90,0.00
0.26,-1.15,-0.70,2.36,0.15,-0.09,47.82,0.02,47.90,0.00
0.27,-0.84,-1.12,2.33,0.15,-0.09,47.82,0.03,47.90,0.00
0.28,-1.18,-0.68,2.20,0.15,-0.09,47.82,0.01,47.90,0.00
0.29,-1.41,-0.38,1.93,0.15,-0.10,47.82,0.02,47.90,0.00
0.30,-1.36,-1.10,1.80,0.20,-0.10,47.82,0.01,47.90,0.00
0.31,-1.73,-0.63,2.27,0.20,-0.10,47.82,0.02,47.90,0.00
0.32,-0.70,-1.98,2.56,0.20,-0.10,47.82,0.05,47.90,0.00
0.33,-1.42,-1.05,1.47,0.20,-0.10,47.83,0.02,47.89,0.00
0.34,-1.74,-0.64,1.30,0.20,-0.10,47.82,0.02,47.90,0.00
0.35,-1.28,-1.24,0.60,0.20,-0.10,47.82,0.02,47.90,0.00
0.36,-1.87,-0.48,1.96,0.20,-0.10,47.81,0.02,47.90,0.00
0.37,-1.73,-0.66,2.69,0.20,-0.09,47.83,0.01,47.91,0.00
0.38,-1.77,-0.60,2.69,0.20,-0.09,47.83,0.01,47.90,0.00
0.39,-2.19,-0.06,3.52,0.20,-0.08,47.82,0.01,47.90,0.00
0.40,-2.40,0.22,3.89,0.20,-0.08,47.82,0.00,47.90,0.00
0.41,-2.26,-0.63,2.22,0.25,-0.08,47.82,0.01,47.90,0.00
0.42,-2.43,-0.41,1.75,0.25,-0.08,47.83,0.01,47.90,0.00
0.43,-2.63,-0.14,1.63,0.25,-0.07,47.82,0.01,47.91,0.00
0.44,-2.12,-0.81,1.83,0.25,-0.06,47.82,0.01,47.90,0.00
0.45,-2.84,0.12,2.92,0.25,-0.05,47.82,0.01,47.90,0.00
0.46,-2.77,0.04,3.75,0.25,-0.04,47.82,0.00,47.90,0.00
0.47,-1.87,-1.15,3.85,0.25,-0.03,47.83,0.02,47.90,0.01
0.48,-2.98,0.30,3.43,0.25,-0.02,47.82,0.00,47.90,0.01
0.49,-1.64,-1.45,3.50,0.25,-0.02,47.83,0.01,47.90,0.01
0.50,-3.00,0.31,4.06,0.25,-0.02,47.82,0.01,47.90,0.01
0.51,-1.87,-1.81,4.44,0.30,-0.01,47.82,0.04,47.90,0.01
0.52,-3.23,-0.05,3.79,0.30,-0.01,47.83,0.02,47.90,0.00
0.53,-3.44,0.23,3.33,0.30,-0.00,47.81,0.00,47.90,0.01
0.54,-2.43,-1.09,4.35,0.30,-0.00,47.83,0.01,47.90,0.01
0.55,-3.28,0.02,4.87,0.30,0.00,47.83,0.00,47.89,0.01
0.56,-2.23,-1.36,4.92,0.30,0.00,47.82,0.02,47.90,0.01
0.57,-3.57,0.39,4.91,0.30,0.01,47.82,0.01,47.89,0.01
0.58,-2.64,-0.82,5.09,0.30,0.01,47.81,0.00,47.90,0.01
0.59,-3.32,0.07,5.44,0.30,0.01,47.83,0.01,47.90,0.01
0.60,-2.62,-0.84,5.70,0.30,0.02,47.82,0.01,47.91,0.00
0.61,-3.81,0.06,5.53,0.35,0.03,47.83,0.01,47.91,0.01
0.62,-3.46,-0.40,6.28,0.35,0.03,47.82,0.00,47.90,0.01
0.63,-3.89,0.16,6.82,0.35,0.03,47.82,0.01,47.90,0.01
0.64,-3.63,-0.19,6.51,0.35,0.03,47.82,0.01,47.90,0.01
0.65,-3.56,-0.27,7.36,0.35,0.03,47.83,0.00,47.90,0.01
0.66,-3.64,-0.17,6.46,0.35,0.03,47.82,0.01,47.90,0.01
0.67,-3.03,-0.98,6.57,0.35,0.04,47.82,0.02,47.90,0.01
0.68,-3.93,0.19,4.98,0.35,0.04,47.82,0.01,47.90,0.01
0.69,-4.10,0.42,2.08,0.35,0.04,47.83,0.00,47.91,0.01
0.70,-3.14,-0.81,1.07,0.35,0.05,47.82,0.00,47.90,0.01
0.71,-3.45,-1.09,1.74,0.40,0.07,47.83,0.03,47.90,0.01
0.72,-3.79,-0.64,3.45,0.40,0.08,47.82,0.01,47.91,0.00
0.73,-4.24,-0.05,4.12,0.40,0.08,47.82,0.01,47.90,0.01
0.74,-3.73,-0.71,4.48,0.40,0.09,47.80,0.01,47.90,0.01
0.75,-4.21,-0.09,4.21,0.40,0.09,47.82,0.01,47.90,0.01
0.76,-4.34,0.08,5.38,0.40,0.09,47.83,-0.00,47.90,0.01
0.77,-3.63,-0.84,5.17,0.40,0.10,47.82,0.01,47.90,0.01
0.78,-3.80,-0.63,4.75,0.40,0.10,47.82,0.02,47.89,0.01
0.79,-5.01,0.97,3.58,0.40,0.10,47.82,-0.00,47.89,0.01
0.80,-3.52,-0.99,4.50,0.40,0.11,47.82,0.01,47.90,0.02
0.81,-3.90,-1.15,3.48,0.45,0.11,47.83,0.05,47.90,0.01
0.82,-5.00,0.29,3.31,0.45,0.13,47.82,0.00,47.89,0.01
0.83,-5.11,0.44,3.89,0.45,0.14,47.82,-0.00,47.90,0.01
0.84,-3.37,-1.84,4.41,0.45,0.15,47.82,0.02,47.91,0.01
0.85,-4.83,0.06,4.47,0.45,0.15,47.84,0.01,47.90,0.02
0.86,-3.87,-1.20,5.28,0.45,0.16,47.82,0.01,47.90,0.01
0.87,-5.24,0.60,5.57,0.45,0.16,47.83,0.01,47.90,0.01
0.88,-5.45,0.88,5.36,0.45,0.16,47.83,0.00,47.90,0.01
0.89,-3.65,-1.47,5.60,0.45,0.16,47.82,0.01,47.90,0.01
0.90,-4.83,0.07,4.33,0.45,0.16,47.82,0.00,47.90,0.02
0.91,-4.99,0.28,3.84,0.50,0.16,47.83,-0.00,47.90,0.02
0.92,-4.24,-1.37,4.37,0.50,0.16,47.83,0.06,47.90,0.01
0.93,-4.65,-0.83,5.17,0.50,0.16,47.82,0.02,47.91,0.01
0.94,-6.42,1.49,5.10,0.50,0.16,47.83,-0.00,47.90,0.01
0.95,-4.08,-1.56,5.40,0.50,0.17,47.82,0.01,47.89,0.02
0.96,-5.94,0.87,6.46,0.50,0.18,47.82,0.00,47.90,0.01
0.97,-4.31,-1.26,5.67,0.50,0.18,47.82,0.01,47.90,0.02
0.98,-6.44,1.52,5.27,0.50,0.18,47.82,-0.00,47.90,0.01
0.99,-5.15,-0.14,6.06,0.50,0.19,47.83,0.00,47.90,0.02
1.00,-4.45,-1.07,5.00,0.50,0.19,47.83,0.02,47.90,0.02
1.01,-5.75,0.64,4.98,0.50,0.19,47.82,0.00,47.90,0.02
1.02,-3.78,-2.60,5.11,0.55,0.19,47.83,0.07,47.90,0.02
1.03,-6.30,0.69,4.84,0.55,0.20,47.82,0.00,47.91,0.02
1.04,-5.35,-0.54,5.65,0.55,0.20,47.83,0.00,47.90,0.02
1.05,-5.47,-0.39,5.67,0.55,0.20,47.83,0.01,47.90,0.02
1.06,-5.67,-0.12,6.12,0.55,0.20,47.83,0.00,47.90,0.02
1.07,-5.32,-0.58,6.25,0.55,0.21,47.82,0.02,47.90,0.02
1.08,-7.05,1.70,6.45,0.55,0.21,47.82,0.01,47.91,0.02
1.09,-3.75,-2.62,6.62,0.55,0.21,47.82,0.01,47.89,0.02
1.10,-6.78,1.33,5.02,0.55,0.22,47.83,0.00,47.89,0.02
1.11,-5.06,-0.90,5.19,0.55,0.22,47.82,0.00,47.90,0.02
1.12,-6.62,0.47,5.62,0.60,0.22,47.82,0.02,47.90,0.02
1.13,-6.07,-0.24,5.57,0.60,0.23,47.82,-0.00,47.89,0.03
1.14,-5.94,-0.42,5.93,0.60,0.23,47.82,0.01,47.91,0.02
1.15,-5.95,-0.39,7.05,0.60,0.23,47.82,0.00,47.91,0.02
1.16,-6.21,-0.06,6.71,0.60,0.23,47.82,0.01,47.90,0.03
1.17,-7.49,1.63,7.60,0.60,0.23,47.82,0.01,47.91,0.02
1.18,-5.13,-1.46,6.88,0.60,0.23,47.83,0.01,47.90,0.02
1.19,-7.04,1.04,5.98,0.60,0.24,47.83,-0.00,47.90,0.03
1.20,-5.48,-0.99,5.75,0.60,0.24,47.83,0.00,47.90,0.02
1.21,-6.51,0.35,4.92,0.60,0.24,47.83,0.00,47.90,0.02
1.22,-5.98,-0.99,5.48,0.65,0.25,47.83,0.02,47.90,0.02
1.23,-6.98,0.32,6.49,0.65,0.26,47.82,-0.00,47.90,0.02
1.24,-5.33,-1.85,7.14,0.65,0.26,47.82,0.03,47.90,0.02
1.25,-8.26,1.99,7.54,0.65,0.26,47.82,0.00,47.90,0.03
1.26,-5.58,-1.50,8.14,0.65,0.26,47.82,0.00,47.91,0.03
1.27,-7.26,0.69,6.95,0.65,0.26,47.82,0.00,47.89,0.03
1.28,-6.60,-0.16,6.68,0.65,0.26,47.81,-0.00,47.90,0.03
1.29,-7.02,0.39,6.07,0.65,0.27,47.82,-0.00,47.91,0.03
1.30,-6.36,-0.48,5.40,0.65,0.28,47.82,0.01,47.91,0.03
1.31,-6.95,0.31,6.97,0.65,0.29,47.82,0.00,47.89,0.02
1.32,-6.39,-1.08,7.22,0.70,0.30,47.82,0.01,47.90,0.03
1.33,-8.27,1.38,7.28,0.70,0.29,47.83,-0.00,47.90,0.03
1.34,-6.15,-1.39,8.00,0.70,0.30,47.81,0.01,47.90,0.03
1.35,-7.04,-0.23,7.93,0.70,0.30,47.83,0.01,47.90,0.03
1.36,-8.34,1.48,7.13,0.70,0.30,47.82,-0.00,47.89,0.03
1.37,-6.04,-1.51,7.13,0.70,0.31,47.82,0.00,47.90,0.03
1.38,-7.77,0.74,7.15,0.70,0.32,47.82,0.00,47.91,0.03
1.39,-6.86,-0.44,7.54,0.70,0.34,47.82,0.00,47.90,0.03
1.40,-8.17,1.28,7.28,0.70,0.34,47.82,0.00,47.90,0.03
1.41,-6.57,-0.81,7.52,0.70,0.34,47.82,-0.00,47.90,0.03
1.42,-6.70,-0.63,6.68,0.75,0.34,47.83,0.01,47.90,0.04
1.43,-8.60,1.18,6.73,0.75,0.34,47.81,0.00,47.89,0.03
1.44,-7.17,-0.66,7.72,0.75,0.35,47.83,-0.00,47.90,0.03
1.45,-7.38,-0.40,7.57,0.75,0.36,47.82,0.01,47.90,0.03
1.46,-8.55,1.13,8.40,0.75,0.37,47.82,-0.00,47.90,0.04
1.47,-7.34,-0.44,8.33,0.75,0.38,47.83,-0.00,47.90,0.04
1.48,-8.05,0.49,8.15,0.75,0.38,47.83,-0.00,47.89,0.04
1.49,-6.91,-1.00,7.42,0.75,0.38,47.82,0.00,47.90,0.05
1.50,-8.70,1.35,7.00,0.75,0.39,47.82,-0.00,47.90,0.03
1.51,-7.07,-0.78,7.50,0.75,0.39,47.82,0.00,47.90,0.04
1.52,-8.30,0.84,7.79,0.75,0.39,47.82,-0.00,47.90,0.03
1.53,-8.36,0.26,8.43,0.80,0.39,47.82,-0.00,47.90,0.03
1.54,-7.72,-0.58,8.23,0.80,0.40,47.81,0.01,47.91,0.04
1.55,-8.35,0.26,9.20,0.80,0.40,47.83,-0.00,47.90,0.04
1.56,-8.33,0.22,8.13,0.80,0.41,47.82,0.00,47.90,0.04
1.57,-8.76,0.80,8.45,0.80,0.42,47.83,-0.00,47.90,0.04
1.58,-7.28,-1.13,8.17,0.80,0.42,47.83,0.01,47.89,0.05
1.59,-9.90,2.30,8.69,0.80,0.42,47.82,0.00,47.90,0.03
1.60,-6.56,-2.05,8.05,0.80,0.42,47.82,0.00,47.90,0.04
1.61,-9.30,1.51,8.13,0.80,0.42,47.83,-0.00,47.91,0.04
1.62,-7.50,-0.83,8.22,0.80,0.43,47.82,0.00,47.91,0.04
1.63,-9.38,0.98,8.23,0.85,0.43,47.82,-0.00,47.92,0.04
1.64,-7.88,-0.97,9.00,0.85,0.44,47.84,-0.00,47.90,0.04
1.65,-9.75,1.46,9.00,0.85,0.44,47.82,-0.00,47.90,0.04
1.66,-7.82,-1.04,10.14,0.85,0.44,47.81,-0.00,47.90,0.04
1.67,-9.26,0.83,9.31,0.85,0.44,47.82,-0.00,47.91,0.04
1.68,-9.00,0.51,8.80,0.85,0.44,47.82,-0.00,47.91,0.05
1.69,-8.60,-0.02,8.93,0.85,0.45,47.83,-0.00,47.90,0.04
1.70,-8.69,0.11,8.70,0.85,0.46,47.82,-0.00,47.89,0.04
1.71,-9.41,1.05,8.99,0.85,0.46,47.82,-0.00,47.90,0.04
1.72,-7.96,-0.82,8.93,0.85,0.47,47.82,-0.00,47.91,0.05
1.73,-8.86,-0.31,8.88,0.90,0.47,47.82,0.02,47.89,0.05
1.74,-10.29,1.56,9.10,0.90,0.47,47.83,0.00,47.90,0.04
1.75,-8.40,-0.91,9.57,0.90,0.47,47.82,0.01,47.90,0.04
1.76,-9.88,1.04,9.92,0.90,0.48,47.82,-0.00,47.89,0.05
1.77,-9.92,1.10,9.66,0.90,0.49,47.83,0.00,47.91,0.05
1.78,-8.30,-1.02,9.38,0.90,0.49,47.82,0.00,47.91,0.05
1.79,-9.73,0.84,8.54,0.90,0.49,47.82,0.00,47.89,0.05
1.80,-9.26,0.24,8.20,0.90,0.49,47.83,0.00,47.91,0.04
1.81,-8.48,-0.78,9.03,0.90,0.51,47.82,0.01,47.91,0.05
1.82,-9.93,1.12,8.99,0.90,0.51,47.83,-0.00,47.90,0.05
1.83,-9.01,-0.73,10.24,0.95,0.51,47.82,-0.00,47.89,0.05
1.84,-9.04,-0.70,9.90,0.95,0.51,47.82,0.01,47.90,0.05
1.85,-11.13,2.04,9.60,0.95,0.51,47.82,-0.00,47.90,0.04
1.86,-8.40,-1.52,10.38,0.95,0.51,47.83,0.00,47.89,0.04
1.87,-10.45,1.15,10.07,0.95,0.52,47.83,-0.00,47.90,0.05
1.88,-9.42,-0.17,10.20,0.95,0.52,47.82,0.00,47.90,0.04
1.89,-9.66,0.13,10.24,0.95,0.53,47.81,0.00,47.90,0.05
1.90,-10.14,0.76,9.00,0.95,0.53,47.82,-0.00,47.90,0.04
1.91,-9.34,-0.27,9.25,0.95,0.53,47.82,-0.00,47.90,0.05
1.92,-9.58,0.04,10.21,0.95,0.53,47.83,0.00,47.89,0.05
1.93,-10.89,1.12,9.88,1.00,0.53,47.82,0.00,47.91,0.05
1.94,-9.46,-0.76,10.76,1.00,0.54,47.83,0.00,47.90,0.06
1.95,-9.75,-0.39,10.17,1.00,0.54,47.82,0.02,47.89,0.06
1.96,-11.79,2.30,9.69,1.00,0.53,47.82,0.02,47.90,0.05
1.97,-8.67,-1.79,10.17,1.00,0.54,47.82,0.02,47.90,0.06
1.98,-12.71,3.50,10.46,1.00,0.54,47.83,0.01,47.90,0.06
1.99,-9.30,-0.95,10.52,1.00,0.55,47.83,0.00,47.90,0.05
2.00,-9.41,-0.82,9.61,1.00,0.56,47.83,0.01,47.90,0.06
2.01,-11.70,2.20,10.25,1.00,0.56,47.83,0.02,47.90,0.05
2.02,-8.60,-1.87,9.95,1.00,0.55,47.82,0.02,47.89,0.05
2.03,-13.47,4.51,10.19,1.05,0.55,47.82,0.02,47.91,0.06
2.04,-8.49,-2.65,11.30,1.05,0.56,47.81,0.02,47.90,0.06
2.05,-11.51,1.29,10.35,1.05,0.56,47.82,0.01,47.89,0.05
2.06,-10.59,0.11,11.30,1.05,0.56,47.82,0.00,47.90,0.05
2.07,-9.73,-1.04,11.71,1.05,0.57,47.82,0.02,47.91,0.06
2.08,-13.10,3.40,11.25,1.05,0.57,47.83,0.04,47.90,0.07
2.09,-9.40,-1.44,11.02,1.05,0.58,47.82,0.02,47.91,0.07
2.10,-13.07,3.36,9.98,1.05,0.58,47.82,0.01,47.90,0.06
2.11,-9.87,-0.82,10.48,1.05,0.59,47.83,0.00,47.91,0.06
2.12,-10.91,0.54,10.83,1.05,0.59,47.82,-0.00,47.90,0.05
2.13,-10.84,0.47,11.41,1.05,0.60,47.82,0.00,47.90,0.05
2.14,-10.29,-0.91,11.29,1.10,0.60,47.83,0.01,47.89,0.07
2.15,-12.93,2.55,11.22,1.10,0.60,47.82,0.01,47.91,0.07
2.16,-10.56,-0.54,11.73,1.10,0.61,47.82,0.00,47.90,0.06
2.17,-12.24,1.65,11.52,1.10,0.63,47.83,-0.01,47.90,0.06
2.18,-10.26,-0.92,11.61,1.10,0.63,47.83,-0.00,47.90,0.07
2.19,-12.20,1.62,10.70,1.10,0.64,47.82,-0.01,47.91,0.07
2.20,-10.39,-0.74,11.26,1.10,0.65,47.82,-0.00,47.90,0.08
2.21,-11.68,0.95,11.28,1.10,0.65,47.83,-0.00,47.89,0.06
2.22,-11.26,0.41,11.89,1.10,0.66,47.83,0.00,47.91,0.06
2.23,-10.71,-0.32,11.66,1.10,0.67,47.82,0.00,47.90,0.06
2.24,-12.79,1.75,11.18,1.15,0.67,47.82,-0.00,47.90,0.08
2.25,-11.18,-0.35,12.05,1.15,0.68,47.82,-0.00,47.90,0.07
2.26,-12.74,1.70,12.72,1.15,0.69,47.82,-0.00,47.90,0.05
2.27,-11.41,-0.03,12.67,1.15,0.70,47.83,-0.00,47.90,0.09
2.28,-12.12,0.90,11.91,1.15,0.70,47.82,-0.00,47.90,0.07
2.29,-11.24,-0.24,11.48,1.15,0.70,47.82,-0.00,47.90,0.07
2.30,-12.12,0.92,11.40,1.15,0.71,47.82,-0.00,47.91,0.08
2.31,-11.26,-0.20,12.18,1.15,0.71,47.82,-0.00,47.90,0.07
2.32,-11.41,-0.00,11.73,1.15,0.71,47.82,-0.00,47.90,0.06
2.33,-12.38,1.28,11.85,1.15,0.71,47.83,-0.00,47.90,0.07
2.34,-11.60,-0.40,12.29,1.20,0.71,47.83,-0.00,47.90,0.07
2.35,-12.89,1.29,12.77,1.20,0.71,47.84,0.01,47.90,0.07
2.36,-12.12,0.28,12.82,1.20,0.70,47.82,-0.00,47.89,0.08
2.37,-13.41,1.99,12.61,1.20,0.70,47.82,0.00,47.90,0.07
2.38,-11.77,-0.16,12.37,1.20,0.70,47.82,-0.01,47.90,0.09
2.39,-13.51,2.13,12.26,1.20,0.70,47.82,0.01,47.90,0.06
2.40,-11.90,0.02,12.18,1.20,0.70,47.82,-0.00,47.89,0.08
2.41,-12.52,0.83,12.21,1.20,0.70,47.82,-0.00,47.91,0.07
2.42,-12.39,0.68,12.30,1.20,0.70,47.83,-0.00,47.90,0.07
2.43,-13.14,1.66,12.66,1.20,0.71,47.82,-0.00,47.90,0.08
2.44,-11.57,-1.04,12.86,1.25,0.71,47.82,-0.00,47.90,0.07
2.45,-13.72,1.78,12.33,1.25,0.71,47.83,-0.00,47.90,0.07
2.46,-12.35,-0.00,13.29,1.25,0.71,47.82,-0.01,47.90,0.07
2.47,-13.77,1.86,13.27,1.25,0.71,47.82,0.00,47.90,0.07
2.48,-11.94,-0.53,13.20,1.25,0.72,47.82,-0.00,47.90,0.09
2.49,-14.11,2.31,12.07,1.25,0.72,47.82,0.00,47.90,0.06
2.50,-12.69,0.46,12.61,1.25,0.73,47.83,-0.01,47.89,0.09
2.51,-13.04,0.91,12.65,1.25,0.73,47.83,-0.00,47.90,0.07
2.52,-12.46,0.16,12.66,1.25,0.73,47.82,0.00,47.90,0.09
2.53,-13.27,1.21,12.45,1.25,0.73,47.82,-0.00,47.90,0.08
2.54,-12.54,-0.39,13.01,1.30,0.74,47.82,-0.00,47.90,0.09
2.55,-13.87,1.35,13.13,1.30,0.75,47.83,-0.01,47.91,0.08
2.56,-12.75,-0.09,13.53,1.30,0.76,47.82,-0.00,47.90,0.10
2.57,-14.18,1.78,13.29,1.30,0.76,47.82,-0.01,47.90,0.07
2.58,-12.79,-0.03,13.76,1.30,0.76,47.82,-0.01,47.90,0.08
2.59,-13.91,1.43,13.66,1.30,0.76,47.83,0.00,47.90,0.10
2.60,-13.01,0.27,13.52,1.30,0.76,47.82,-0.00,47.90,0.07
2.61,-14.36,2.04,12.55,1.30,0.76,47.80,0.00,47.90,0.09
2.62,-12.54,-0.34,13.29,1.30,0.76,47.82,-0.01,47.90,0.07
2.63,-13.83,1.36,13.16,1.30,0.76,47.82,0.00,47.90,0.08
2.64,-12.61,-0.24,13.13,1.30,0.76,47.81,-0.01,47.90,0.10
2.65,-15.00,2.23,13.77,1.35,0.76,47.82,-0.00,47.91,0.07
2.66,-12.60,-0.90,14.57,1.35,0.76,47.82,-0.00,47.90,0.09
2.67,-14.39,1.44,14.58,1.35,0.76,47.82,-0.01,47.90,0.10
2.68,-13.20,-0.11,14.26,1.35,0.76,47.84,-0.00,47.90,0.12
2.69,-14.29,1.33,14.33,1.35,0.76,47.82,0.00,47.90,0.09
2.70,-14.30,1.35,13.81,1.35,0.77,47.82,-0.01,47.90,0.08
2.71,-12.94,-0.42,14.41,1.35,0.77,47.82,-0.00,47.90,0.08
2.72,-14.68,1.85,13.35,1.35,0.77,47.82,-0.01,47.90,0.10
2.73,-13.38,0.16,13.96,1.35,0.77,47.82,-0.00,47.90,0.07
2.74,-15.16,2.49,13.85,1.35,0.78,47.83,0.01,47.91,0.06
2.75,-12.99,-1.00,14.18,1.40,0.78,47.82,0.00,47.90,0.12
2.76,-15.90,2.81,14.06,1.40,0.78,47.82,0.01,47.90,0.10
2.77,-13.51,-0.31,14.69,1.40,0.78,47.83,-0.00,47.91,0.11
2.78,-14.66,1.21,14.46,1.40,0.78,47.83,0.00,47.90,0.08
2.79,-14.73,1.29,13.97,1.40,0.79,47.82,-0.01,47.90,0.08
2.80,-13.76,0.04,14.41,1.40,0.79,47.83,-0.01,47.90,0.10
2.81,-14.94,1.59,14.07,1.40,0.80,47.83,-0.00,47.89,0.11
2.82,-13.63,-0.12,14.48,1.40,0.81,47.81,-0.00,47.90,0.11
2.83,-15.26,2.02,13.53,1.40,0.81,47.82,0.01,47.90,0.08
2.84,-14.15,0.56,14.21,1.40,0.82,47.82,-0.00,47.89,0.09
2.85,-14.86,0.85,14.41,1.45,0.82,47.83,-0.01,47.90,0.12
2.86,-14.06,-0.19,14.71,1.45,0.84,47.82,-0.00,47.90,0.11
2.87,-14.86,0.87,14.89,1.45,0.85,47.82,-0.00,47.90,0.10
2.88,-15.36,1.52,15.18,1.45,0.85,47.82,-0.00,47.90,0.10
2.89,-14.78,0.77,14.69,1.45,0.86,47.83,-0.00,47.90,0.11
2.90,-14.92,0.96,14.52,1.45,0.86,47.83,-0.01,47.90,0.09
2.91,-14.29,0.13,14.37,1.45,0.86,47.82,-0.01,47.90,0.08
2.92,-14.74,0.73,14.16,1.45,0.86,47.82,-0.01,47.92,0.10
2.93,-14.32,0.18,13.88,1.45,0.87,47.82,-0.01,47.89,0.11
2.94,-14.70,0.68,14.21,1.45,0.87,47.82,-0.01,47.89,0.10
2.95,-15.29,0.80,15.23,1.50,0.87,47.82,-0.00,47.89,0.10
2.96,-14.54,-0.18,16.11,1.50,0.87,47.82,-0.01,47.89,0.12
2.97,-16.39,2.24,16.03,1.50,0.87,47.83,-0.01,47.90,0.12
2.98,-14.66,-0.00,16.10,1.50,0.86,47.82,-0.01,47.91,0.14
2.99,-15.33,0.87,15.30,1.50,0.86,47.83,-0.00,47.90,0.11
3.00,-15.43,1.01,14.91,1.50,0.86,47.82,-0.01,47.90,0.12
3.01,-15.91,1.65,15.21,1.50,0.87,47.82,0.00,47.90,0.10
3.02,-15.76,1.45,15.71,1.50,0.87,47.82,-0.00,47.90,0.12
3.03,-15.85,1.58,15.39,1.50,0.86,47.83,0.00,47.89,0.09
3.04,-15.43,1.03,15.37,1.50,0.86,47.81,-0.01,47.90,0.10
3.05,-15.92,1.03,15.31,1.55,0.86,47.83,-0.00,47.89,0.09
3.06,-14.85,-0.36,15.78,1.55,0.86,47.82,-0.01,47.90,0.11
3.07,-16.64,1.98,15.65,1.55,0.87,47.83,0.00,47.90,0.08
3.08,-15.40,0.37,16.33,1.55,0.87,47.82,-0.01,47.90,0.10
3.09,-15.39,0.36,16.20,1.55,0.88,47.83,-0.00,47.90,0.12
3.10,-16.51,1.83,15.71,1.55,0.89,47.83,-0.00,47.90,0.13
3.11,-16.01,1.18,15.61,1.55,0.90,47.83,-0.01,47.90,0.13
3.12,-15.11,0.01,15.77,1.55,0.91,47.83,-0.00,47.90,0.12
3.13,-16.04,1.22,15.01,1.55,0.92,47.82,-0.01,47.90,0.12
3.14,-14.64,-0.59,15.48,1.55,0.92,47.83,-0.00,47.90,0.12
3.15,-17.01,2.50,15.65,1.60,0.94,47.83,0.00,47.90,0.13
3.16,-15.09,-0.66,16.67,1.60,0.95,47.82,-0.00,47.90,0.10
3.17,-17.12,2.00,16.80,1.60,0.97,47.82,0.00,47.91,0.10
3.18,-17.46,2.45,16.75,1.60,0.98,47.83,-0.01,47.91,0.12
3.19,-15.00,-0.77,16.02,1.60,0.99,47.83,-0.00,47.91,0.14
3.20,-17.45,2.44,15.87,1.60,1.00,47.83,-0.00,47.89,0.13
3.21,-16.69,1.45,15.93,1.60,1.00,47.83,-0.01,47.90,0.11
3.22,-14.63,-1.24,16.24,1.60,1.00,47.82,-0.00,47.90,0.10
3.23,-18.13,3.34,15.65,1.60,1.01,47.82,-0.01,47.90,0.10
3.24,-15.18,-0.52,16.39,1.60,1.02,47.82,-0.00,47.90,0.12
3.25,-15.14,-0.54,16.96,1.60,1.03,47.83,-0.01,47.89,0.16
3.26,-18.42,3.07,16.45,1.65,1.04,47.82,-0.01,47.91,0.10
3.27,-14.84,-1.59,17.55,1.65,1.03,47.82,-0.00,47.90,0.12
3.28,-17.59,2.01,17.88,1.65,1.03,47.83,-0.01,47.90,0.13
3.29,-17.68,2.12,17.53,1.65,1.03,47.82,-0.01,47.89,0.11
3.30,-16.24,0.26,17.38,1.65,1.03,47.83,-0.01,47.89,0.16
3.31,-16.31,0.36,17.08,1.65,1.03,47.82,-0.01,47.90,0.11
3.32,-17.84,2.36,16.02,1.65,1.02,47.82,0.00,47.89,0.10
3.33,-17.15,1.46,16.25,1.65,1.02,47.83,-0.00,47.90,0.13
3.34,-16.56,0.70,16.42,1.65,1.02,47.82,-0.01,47.90,0.16
3.35,-17.80,2.33,16.50,1.65,1.02,47.82,-0.00,47.90,0.12
3.36,-17.08,0.74,17.09,1.70,1.01,47.82,-0.01,47.90,0.10
3.37,-17.38,1.14,17.17,1.70,1.01,47.83,-0.01,47.90,0.16
3.38,-17.98,1.93,17.34,1.70,1.00,47.83,-0.00,47.89,0.11
3.39,-17.32,1.07,17.41,1.70,1.01,47.82,-0.01,47.90,0.15
3.40,-17.29,1.03,17.56,1.70,1.01,47.83,-0.01,47.90,0.15
3.41,-17.41,1.20,16.97,1.70,1.02,47.81,-0.01,47.90,0.10
3.42,-17.49,1.30,17.26,1.70,1.01,47.83,-0.01,47.90,0.16
3.43,-16.96,0.62,17.00,1.70,1.01,47.82,-0.01,47.89,0.15
3.44,-17.39,1.19,17.08,1.70,1.01,47.82,-0.01,47.90,0.11
3.45,-16.85,0.48,17.39,1.70,1.01,47.82,-0.01,47.90,0.15
3.46,-17.08,0.13,17.45,1.75,1.01,47.81,-0.01,47.91,0.11
3.47,-18.12,1.49,17.88,1.75,1.01,47.83,-0.02,47.90,0.14
3.48,-17.30,0.42,18.19,1.75,1.02,47.83,-0.01,47.91,0.13
3.49,-17.23,0.35,18.42,1.75,1.02,47.83,-0.01,47.90,0.17
3.50,-17.83,1.13,17.96,1.75,1.02,47.82,-0.01,47.90,0.12
3.51,-18.19,1.61,17.92,1.75,1.02,47.83,-0.01,47.90,0.17
3.52,-16.95,-0.01,18.27,1.75,1.03,47.81,-0.01,47.90,0.11
3.53,-17.89,1.23,17.85,1.75,1.03,47.82,-0.01,47.90,0.17
3.54,-18.42,1.93,18.55,1.75,1.02,47.83,-0.00,47.90,0.12
3.55,-17.17,0.29,18.16,1.75,1.02,47.82,-0.01,47.90,0.17
3.56,-17.79,0.46,17.92,1.80,1.01,47.81,-0.01,47.91,0.13
3.57,-18.34,1.18,18.79,1.80,1.01,47.83,-0.01,47.90,0.13
3.58,-18.10,0.87,18.49,1.80,1.02,47.82,-0.01,47.90,0.18
3.59,-18.18,0.98,18.52,1.80,1.02,47.83,-0.01,47.89,0.12
3.60,-18.45,1.34,18.16,1.80,1.02,47.81,-0.01,47.89,0.16
3.61,-18.79,1.79,17.50,1.80,1.02,47.82,-0.01,47.89,0.14
3.62,-17.60,0.24,18.02,1.80,1.02,47.83,-0.00,47.90,0.14
3.63,-18.11,0.91,18.17,1.80,1.02,47.81,-0.01,47.89,0.15
3.64,-19.22,2.37,18.02,1.80,1.03,47.83,-0.01,47.91,0.12
3.65,-18.12,0.94,18.42,1.80,1.03,47.82,-0.01,47.91,0.18
3.66,-18.07,0.23,18.38,1.85,1.03,47.83,-0.01,47.89,0.12
3.67,-19.21,1.72,18.45,1.85,1.03,47.83,-0.02,47.89,0.15
3.68,-19.60,2.23,18.58,1.85,1.04,47.82,-0.02,47.90,0.16
3.69,-18.41,0.68,18.80,1.85,1.04,47.83,-0.01,47.90,0.11
3.70,-18.08,0.25,18.89,1.85,1.04,47.82,-0.02,47.90,0.17
3.71,-19.35,1.91,18.83,1.85,1.03,47.82,-0.02,47.91,0.17
3.72,-19.31,1.87,18.62,1.85,1.03,47.82,-0.01,47.90,0.11
3.73,-18.40,0.69,18.93,1.85,1.03,47.83,-0.01,47.90,0.15
3.74,-18.49,0.81,19.15,1.85,1.03,47.82,-0.01,47.89,0.17
3.75,-19.40,2.00,18.81,1.85,1.03,47.82,-0.00,47.90,0.13
3.76,-19.18,1.73,19.00,1.90,1.04,47.83,-0.02,47.90,0.13
3.77,-18.17,-0.25,19.78,1.90,1.04,47.82,-0.01,47.90,0.16
3.78,-19.11,0.98,19.79,1.90,1.04,47.82,-0.02,47.90,0.19
3.79,-20.30,2.55,19.87,1.90,1.04,47.82,-0.00,47.89,0.20
3.80,-19.59,1.62,19.67,1.90,1.04,47.82,-0.01,47.89,0.18
3.81,-18.98,0.84,19.43,1.90,1.04,47.82,-0.01,47.89,0.15
3.82,-19.21,1.15,19.07,1.90,1.04,47.81,-0.01,47.90,0.13
3.83,-19.54,1.58,18.98,1.90,1.05,47.83,-0.01,47.91,0.16
3.84,-19.91,2.08,18.76,1.90,1.05,47.82,-0.01,47.91,0.19
3.85,-19.28,1.26,19.14,1.90,1.05,47.82,-0.01,47.89,0.14
3.86,-19.00,0.89,19.33,1.90,1.06,47.82,-0.02,47.91,0.15
3.87,-20.46,2.16,19.84,1.95,1.06,47.81,-0.02,47.90,0.14
3.88,-19.96,1.51,20.25,1.95,1.07,47.83,-0.02,47.90,0.16
3.89,-19.10,0.38,20.15,1.95,1.07,47.83,-0.01,47.90,0.19
3.90,-19.41,0.79,19.69,1.95,1.08,47.82,-0.02,47.90,0.20
3.91,-19.74,1.23,19.60,1.95,1.08,47.82,-0.01,47.89,0.18
3.92,-20.19,1.83,19.42,1.95,1.08,47.82,-0.02,47.89,0.15
3.93,-20.03,1.63,19.91,1.95,1.09,47.82,-0.01,47.91,0.14
3.94,-19.85,1.39,20.56,1.95,1.09,47.82,-0.02,47.90,0.13
3.95,-19.80,1.33,20.20,1.95,1.09,47.82,-0.02,47.89,0.13
3.96,-20.71,2.53,19.98,1.95,1.09,47.83,-0.01,47.90,0.13
3.97,-20.90,2.13,20.42,2.00,1.10,47.82,-0.02,47.90,0.13
3.98,-20.11,1.10,20.31,2.00,1.10,47.83,-0.02,47.90,0.16
3.99,-20.22,1.25,20.53,2.00,1.11,47.82,-0.02,47.90,0.13
4.00,-19.93,0.89,21.12,2.00,1.11,47.82,-0.01,47.90,0.14
4.01,-20.62,1.79,20.62,2.00,1.12,47.83,-0.02,47.89,0.14
4.02,-20.89,2.15,20.61,2.00,1.12,47.82,-0.02,47.90,0.14
4.03,-19.78,0.70,20.88,2.00,1.12,47.83,-0.01,47.90,0.16
4.04,-19.84,0.79,20.38,2.00,1.13,47.82,-0.02,47.90,0.18
4.05,-20.17,1.23,19.89,2.00,1.13,47.82,-0.02,47.90,0.16
4.06,-20.92,2.21,19.50,2.00,1.14,47.82,-0.02,47.89,0.13
4.07,-21.00,1.66,19.76,2.05,1.14,47.82,-0.02,47.90,0.15
4.08,-19.80,0.10,20.28,2.05,1.15,47.82,-0.01,47.89,0.13
4.09,-19.92,0.26,21.43,2.05,1.16,47.82,-0.01,47.90,0.14
4.10,-21.09,1.79,21.29,2.05,1.17,47.82,-0.02,47.90,0.17
4.11,-22.19,3.22,20.79,2.05,1.17,47.83,-0.02,47.90,0.19
4.12,-21.06,1.75,20.90,2.05,1.18,47.81,-0.02,47.90,0.18
4.13,-19.39,-0.42,20.25,2.05,1.19,47.82,-0.01,47.90,0.22
4.14,-20.37,0.87,20.47,2.05,1.20,47.82,-0.02,47.89,0.19
4.15,-20.58,1.15,21.08,2.05,1.20,47.82,-0.01,47.89,0.19
4.16,-22.33,3.44,20.98,2.05,1.21,47.83,-0.02,47.90,0.22
4.17,-22.14,2.53,21.30,2.10,1.22,47.83,-0.03,47.90,0.20
4.18,-19.90,-0.40,21.84,2.10,1.23,47.82,-0.01,47.90,0.15
4.19,-19.84,-0.45,22.42,2.10,1.23,47.82,-0.02,47.89,0.20
4.20,-21.00,1.07,21.96,2.10,1.24,47.82,-0.02,47.89,0.23
4.21,-22.40,2.90,21.43,2.10,1.25,47.82,-0.01,47.91,0.17
4.22,-21.76,2.07,21.29,2.10,1.25,47.83,-0.02,47.91,0.13
4.23,-21.90,2.26,20.98,2.10,1.25,47.81,-0.03,47.91,0.15
4.24,-21.53,1.78,21.33,2.10,1.26,47.82,-0.02,47.90,0.21
4.25,-20.87,0.93,21.45,2.10,1.27,47.82,-0.01,47.89,0.22
4.26,-20.93,1.02,21.49,2.10,1.28,47.82,-0.02,47.91,0.21
4.27,-21.50,1.12,21.50,2.15,1.29,47.81,-0.02,47.90,0.18
4.28,-21.87,1.60,21.88,2.15,1.30,47.83,-0.02,47.90,0.18
4.29,-22.01,1.79,22.19,2.15,1.31,47.82,-0.03,47.91,0.23
4.30,-22.00,1.77,21.90,2.15,1.32,47.82,-0.02,47.91,0.18
4.31,-21.96,1.73,21.79,2.15,1.32,47.83,-0.03,47.90,0.17
4.32,-21.21,0.76,21.83,2.15,1.34,47.82,-0.02,47.90,0.22
4.33,-21.41,1.03,21.51,2.15,1.35,47.83,-0.02,47.90,0.23
4.34,-22.06,1.88,21.85,2.15,1.36,47.82,-0.02,47.90,0.16
4.35,-22.29,2.18,21.89,2.15,1.37,47.82,-0.03,47.89,0.18
4.36,-21.72,1.45,22.14,2.15,1.37,47.82,-0.04,47.89,0.22
4.37,-21.52,1.18,21.84,2.20,1.38,47.82,-0.03,47.90,0.19
4.38,-22.12,1.32,22.55,2.20,1.38,47.82,-0.02,47.89,0.20
4.39,-21.93,1.08,23.32,2.20,1.40,47.82,-0.02,47.89,0.21
4.40,-22.01,1.20,23.07,2.20,1.41,47.82,-0.02,47.89,0.21
4.41,-22.67,2.06,22.49,2.20,1.42,47.83,-0.03,47.90,0.22
4.42,-22.95,2.44,21.75,2.20,1.42,47.82,-0.02,47.89,0.16
4.43,-22.47,1.81,22.23,2.20,1.43,47.82,-0.02,47.90,0.21
4.44,-22.47,1.82,22.09,2.20,1.44,47.82,-0.02,47.90,0.22
4.45,-22.32,1.63,22.58,2.20,1.45,47.83,-0.02,47.90,0.18
4.46,-21.64,0.75,22.56,2.20,1.45,47.81,-0.01,47.90,0.22
4.47,-21.83,1.00,22.63,2.20,1.46,47.82,-0.03,47.90,0.16
4.48,-22.73,1.53,22.62,2.25,1.48,47.83,-0.02,47.90,0.27
4.49,-23.52,2.56,22.64,2.25,1.49,47.83,-0.03,47.90,0.17
4.50,-23.25,2.22,22.57,2.25,1.50,47.81,-0.02,47.91,0.24
4.51,-23.00,1.90,22.44,2.25,1.52,47.82,-0.05,47.89,0.20
4.52,-22.95,1.83,22.61,2.25,1.53,47.82,-0.02,47.90,0.20
4.53,-22.64,1.43,22.53,2.25,1.54,47.82,-0.03,47.90,0.24
4.54,-22.14,0.78,23.48,2.25,1.54,47.82,-0.02,47.89,0.19
4.55,-21.61,0.09,23.34,2.25,1.55,47.81,-0.02,47.89,0.22
4.56,-22.31,1.01,22.97,2.25,1.55,47.82,-0.02,47.90,0.22
4.57,-22.79,1.65,23.24,2.25,1.56,47.82,-0.03,47.89,0.21
4.58,-24.40,3.10,23.47,2.30,1.57,47.81,-0.02,47.90,0.22
4.59,-23.92,2.49,23.62,2.30,1.58,47.82,-0.04,47.89,0.18
4.60,-24.41,3.13,23.49,2.30,1.59,47.83,-0.02,47.89,0.27
4.61,-24.42,3.14,23.67,2.30,1.60,47.83,-0.03,47.89,0.19
4.62,-23.53,1.98,23.06,2.30,1.60,47.83,-0.03,47.89,0.21
4.63,-23.46,1.90,23.23,2.30,1.60,47.82,-0.03,47.90,0.21
4.64,-23.31,1.71,23.01,2.30,1.60,47.83,-0.04,47.90,0.22
4.65,-23.34,1.76,23.33,2.30,1.61,47.82,-0.02,47.89,0.25
4.66,-22.77,1.02,23.54,2.30,1.62,47.82,-0.03,47.90,0.18
4.67,-22.94,1.25,23.77,2.30,1.62,47.82,-0.02,47.89,0.23
4.68,-23.43,1.24,23.09,2.35,1.63,47.82,-0.04,47.91,0.21
4.69,-23.76,1.67,23.03,2.35,1.64,47.83,-0.04,47.90,0.22
4.70,-24.19,2.24,23.46,2.35,1.64,47.83,-0.03,47.89,0.24
4.71,-23.90,1.87,23.74,2.35,1.65,47.82,-0.04,47.90,0.18
4.72,-23.62,1.50,24.26,2.35,1.65,47.82,-0.05,47.90,0.24
4.73,-24.20,2.27,24.17,2.35,1.65,47.82,-0.03,47.90,0.28
4.74,-24.50,2.67,24.12,2.35,1.66,47.82,-0.02,47.90,0.21
4.75,-24.13,2.19,24.03,2.35,1.66,47.83,-0.04,47.90,0.19
4.76,-23.82,1.80,24.23,2.35,1.67,47.83,-0.03,47.90,0.26
4.77,-23.37,1.21,24.11,2.35,1.67,47.82,-0.02,47.89,0.21
4.78,-23.92,1.29,24.29,2.40,1.68,47.82,-0.03,47.90,0.19
4.79,-23.83,1.16,24.52,2.40,1.69,47.82,-0.02,47.90,0.22
4.80,-23.86,1.22,24.77,2.40,1.69,47.82,-0.02,47.89,0.26
4.81,-23.84,1.20,24.39,2.40,1.69,47.82,-0.03,47.89,0.25
4.82,-24.42,1.96,24.09,2.40,1.70,47.82,-0.03,47.91,0.21
4.83,-24.19,1.67,23.91,2.40,1.70,47.82,-0.04,47.90,0.22
4.84,-24.59,2.19,24.37,2.40,1.70,47.82,-0.03,47.90,0.26
4.85,-24.03,1.47,24.46,2.40,1.70,47.83,-0.02,47.89,0.25
4.86,-24.13,1.60,24.50,2.40,1.70,47.82,-0.05,47.90,0.19
4.87,-24.45,2.03,24.20,2.40,1.69,47.82,-0.05,47.89,0.22
4.88,-25.55,2.80,23.57,2.45,1.68,47.83,-0.05,47.89,0.26
4.89,-25.28,2.46,23.81,2.45,1.67,47.82,-0.04,47.89,0.23
4.90,-25.14,2.27,24.85,2.45,1.66,47.82,-0.03,47.90,0.19
4.91,-25.10,2.24,25.63,2.45,1.65,47.82,-0.04,47.90,0.19
4.92,-25.36,2.58,25.93,2.45,1.63,47.83,-0.04,47.90,0.21
4.93,-26.04,3.47,25.63,2.45,1.63,47.83,-0.05,47.90,0.22
4.94,-25.74,3.08,24.78,2.45,1.62,47.82,-0.05,47.90,0.20
4.95,-25.37,2.61,24.46,2.45,1.61,47.82,-0.05,47.90,0.20
4.96,-24.70,1.74,24.41,2.45,1.60,47.83,-0.03,47.89,0.26
4.97,-24.62,1.65,24.59,2.45,1.59,47.82,-0.03,47.90,0.29
4.98,-24.43,1.40,24.79,2.50,1.57,47.83,-0.04,47.90,0.28
4.99,-25.17,1.71,25.54,2.50,1.56,47.82,-0.02,47.89,0.26
5.00,-25.01,1.51,25.85,2.50,1.55,47.82,-0.03,47.90,0.28
5.01,-25.14,1.69,25.90,2.50,1.55,47.82,-0.04,47.90,0.29
5.02,-24.89,1.37,25.86,2.50,1.54,47.82,-0.04,47.89,0.27
5.03,-24.80,1.26,25.27,2.50,1.52,47.81,-0.04,47.90,0.28
5.04,-24.92,1.42,24.85,2.50,1.51,47.81,-0.04,47.90,0.30
5.05,-25.31,1.93,25.14,2.50,1.51,47.82,-0.05,47.90,0.26
5.06,-24.83,1.31,25.10,2.50,1.50,47.81,-0.04,47.90,0.25
5.07,-24.97,1.50,25.35,2.50,1.50,47.83,-0.04,47.90,0.22
5.08,-24.70,1.16,25.36,2.50,1.50,47.81,-0.05,47.90,0.20
5.09,-26.14,2.39,25.87,2.55,1.50,47.83,-0.05,47.90,0.22
5.10,-25.95,2.14,26.09,2.55,1.49,47.82,-0.05,47.89,0.25
5.11,-26.15,2.41,26.72,2.55,1.49,47.82,-0.04,47.89,0.31
5.12,-25.84,2.00,26.31,2.55,1.49,47.83,-0.04,47.91,0.30
5.13,-25.50,1.57,26.10,2.55,1.50,47.82,-0.04,47.89,0.26
5.14,-25.36,1.39,25.74,2.55,1.51,47.81,-0.03,47.90,0.24
5.15,-25.56,1.67,25.63,2.55,1.51,47.82,-0.04,47.90,0.23
5.16,-25.64,1.78,25.78,2.55,1.51,47.82,-0.03,47.91,0.24
5.17,-25.90,2.12,26.12,2.55,1.52,47.83,-0.03,47.90,0.22
5.18,-25.76,1.94,26.16,2.55,1.53,47.82,-0.04,47.90,0.22
5.19,-26.34,2.04,26.10,2.60,1.53,47.81,-0.05,47.90,0.26
5.20,-25.66,1.16,26.27,2.60,1.53,47.82,-0.04,47.90,0.26
5.21,-25.28,0.67,26.68,2.60,1.53,47.83,-0.04,47.89,0.29
5.22,-25.89,1.47,26.71,2.60,1.53,47.82,-0.05,47.88,0.29
5.23,-26.31,2.02,26.86,2.60,1.53,47.83,-0.04,47.89,0.26
5.24,-26.53,2.33,26.28,2.60,1.53,47.83,-0.04,47.90,0.23
5.25,-26.87,2.77,26.26,2.60,1.53,47.83,-0.05,47.89,0.28
5.26,-26.31,2.04,26.11,2.60,1.53,47.82,-0.04,47.90,0.30
5.27,-26.58,2.40,26.48,2.60,1.54,47.83,-0.05,47.89,0.30
5.28,-26.47,2.26,26.53,2.60,1.54,47.82,-0.05,47.90,0.26
5.29,-27.83,3.39,26.89,2.65,1.55,47.82,-0.04,47.90,0.22
5.30,-27.82,3.38,26.83,2.65,1.55,47.83,-0.06,47.90,0.26
5.31,-27.86,3.44,26.78,2.65,1.55,47.83,-0.06,47.90,0.33
5.32,-27.58,3.08,26.73,2.65,1.55,47.83,-0.04,47.89,0.24
5.33,-27.18,2.57,26.88,2.65,1.56,47.82,-0.03,47.89,0.25
5.34,-26.91,2.22,26.96,2.65,1.57,47.83,-0.04,47.89,0.30
5.35,-26.77,2.05,26.53,2.65,1.58,47.82,-0.05,47.89,0.31
5.36,-26.59,1.82,26.23,2.65,1.58,47.83,-0.06,47.90,0.27
5.37,-26.60,1.83,26.34,2.65,1.59,47.82,-0.05,47.89,0.25
5.38,-27.25,2.69,26.38,2.65,1.60,47.83,-0.06,47.90,0.24
5.39,-27.43,2.26,27.00,2.70,1.61,47.81,-0.06,47.89,0.31
5.40,-27.74,2.68,27.42,2.70,1.61,47.82,-0.05,47.90,0.28
5.41,-27.56,2.44,27.95,2.70,1.62,47.81,-0.05,47.90,0.28
5.42,-27.44,2.29,27.70,2.70,1.63,47.83,-0.06,47.88,0.31
5.43,-26.64,1.25,27.53,2.70,1.64,47.81,-0.03,47.90,0.24
5.44,-26.69,1.34,27.60,2.70,1.64,47.81,-0.04,47.89,0.33
5.45,-26.50,1.08,27.59,2.70,1.65,47.83,-0.05,47.90,0.26
5.46,-27.33,2.18,27.61,2.70,1.66,47.82,-0.05,47.89,0.27
5.47,-27.78,2.77,26.94,2.70,1.66,47.82,-0.07,47.89,0.31
5.48,-28.17,3.28,26.83,2.70,1.66,47.82,-0.03,47.91,0.28
5.49,-28.25,2.75,26.85,2.75,1.68,47.82,-0.05,47.89,0.25
5.50,-28.23,2.73,27.93,2.75,1.69,47.81,-0.05,47.90,0.33
5.51,-28.11,2.57,28.26,2.75,1.70,47.82,-0.04,47.89,0.25
5.52,-27.44,1.69,27.94,2.75,1.70,47.82,-0.05,47.90,0.35
5.53,-27.47,1.75,27.32,2.75,1.71,47.82,-0.05,47.91,0.25
5.54,-26.74,0.79,27.28,2.75,1.71,47.82,-0.04,47.90,0.29
5.55,-27.12,1.30,28.14,2.75,1.71,47.82,-0.05,47.90,0.29
5.56,-27.25,1.47,28.75,2.75,1.72,47.83,-0.06,47.90,0.28
5.57,-27.86,2.27,29.36,2.75,1.73,47.83,-0.05,47.90,0.25
5.58,-28.30,2.86,28.89,2.75,1.73,47.84,-0.07,47.89,0.32
5.59,-28.88,3.63,27.97,2.80,1.73,47.83,-0.07,47.89,0.28
5.60,-28.88,2.98,27.66,2.80,1.74,47.82,-0.08,47.89,0.37
5.61,-28.76,2.83,27.69,2.80,1.76,47.83,-0.05,47.90,0.25
5.62,-28.80,2.88,28.26,2.80,1.77,47.82,-0.07,47.89,0.33
5.63,-28.19,2.08,28.51,2.80,1.77,47.82,-0.04,47.90,0.30
5.64,-28.22,2.13,28.80,2.80,1.78,47.82,-0.07,47.90,0.28
5.65,-27.69,1.44,28.09,2.80,1.79,47.82,-0.04,47.89,0.34
5.66,-27.66,1.41,27.88,2.80,1.80,47.82,-0.05,47.90,0.28
5.67,-27.56,1.28,27.39,2.80,1.81,47.82,-0.04,47.89,0.27
5.68,-27.84,1.66,27.63,2.80,1.82,47.82,-0.07,47.91,0.33
5.69,-28.10,2.00,27.95,2.80,1.82,47.82,-0.07,47.90,0.24
5.70,-29.00,2.52,29.05,2.85,1.82,47.82,-0.06,47.89,0.34
5.71,-29.63,3.35,30.25,2.85,1.82,47.83,-0.09,47.90,0.35
5.72,-29.52,3.21,30.55,2.85,1.82,47.82,-0.05,47.89,0.36
5.73,-29.39,3.05,29.86,2.85,1.82,47.82,-0.06,47.90,0.33
5.74,-29.17,2.77,28.77,2.85,1.82,47.83,-0.08,47.90,0.29
5.75,-28.90,2.43,28.36,2.85,1.83,47.82,-0.06,47.90,0.39
5.76,-29.04,2.61,28.11,2.85,1.83,47.83,-0.06,47.90,0.28
5.77,-29.42,3.12,28.56,2.85,1.85,47.82,-0.07,47.89,0.32
5.78,-28.97,2.53,28.88,2.85,1.85,47.82,-0.05,47.90,0.35
5.79,-28.72,2.21,29.46,2.85,1.89,47.82,-0.05,47.90,0.29
5.80,-29.47,2.55,29.05,2.90,1.89,47.82,-0.08,47.90,0.29
5.81,-28.53,1.32,28.72,2.90,1.90,47.82,-0.04,47.88,0.37
5.82,-28.52,1.31,28.98,2.90,1.91,47.83,-0.05,47.90,0.28
5.83,-28.88,1.79,28.73,2.90,1.92,47.82,-0.06,47.89,0.32
5.84,-29.07,2.04,29.23,2.90,1.93,47.83,-0.07,47.90,0.36
5.85,-29.69,2.85,29.50,2.90,1.94,47.82,-0.07,47.89,0.30
5.86,-29.41,2.49,29.96,2.90,1.94,47.81,-0.06,47.90,0.27
5.87,-29.66,2.83,30.25,2.90,1.94,47.83,-0.08,47.89,0.27
5.88,-29.09,2.09,30.63,2.90,1.94,47.82,-0.08,47.90,0.28
5.89,-29.06,2.06,30.04,2.90,1.94,47.82,-0.07,47.89,0.33
5.90,-30.05,2.70,29.25,2.95,1.95,47.82,-0.07,47.90,0.36
5.91,-30.17,2.87,29.20,2.95,1.96,47.82,-0.06,47.91,0.30
5.92,-30.48,3.27,29.41,2.95,1.99,47.82,-0.07,47.89,0.28
5.93,-30.36,3.12,29.82,2.95,2.01,47.82,-0.08,47.89,0.32
5.94,-30.34,3.11,30.19,2.95,2.01,47.82,-0.09,47.89,0.36
5.95,-30.09,2.79,29.62,2.95,2.03,47.83,-0.08,47.90,0.37
5.96,-30.21,2.95,29.02,2.95,2.03,47.82,-0.07,47.90,0.32
5.97,-30.21,2.95,28.54,2.95,2.03,47.83,-0.07,47.90,0.32
5.98,-30.16,2.89,28.93,2.95,2.03,47.83,-0.07,47.89,0.39
5.99,-30.31,3.08,29.62,2.95,2.04,47.83,-0.08,47.89,0.35
6.00,-30.23,2.33,30.18,3.00,2.04,47.82,-0.08,47.90,0.34
6.01,-30.63,2.86,30.75,3.00,2.03,47.81,-0.08,47.90,0.35
6.02,-30.78,3.06,31.35,3.00,2.03,47.82,-0.09,47.89,0.40
6.03,-30.86,3.18,31.46,3.00,2.01,47.82,-0.09,47.89,0.43
6.04,-31.24,3.68,30.71,3.00,1.99,47.83,-0.10,47.90,0.42
6.05,-30.68,2.96,29.60,3.00,1.97,47.83,-0.09,47.90,0.41
6.06,-30.55,2.79,29.39,3.00,1.96,47.83,-0.09,47.88,0.37
6.07,-30.06,2.15,29.70,3.00,1.96,47.81,-0.06,47.89,0.31
6.08,-30.37,2.57,30.06,3.00,1.97,47.82,-0.06,47.89,0.30
6.09,-30.73,3.03,30.49,3.00,1.97,47.83,-0.06,47.90,0.28
6.10,-30.36,1.91,29.98,3.05,1.97,47.81,-0.05,47.89,0.32
6.11,-30.96,2.70,29.88,3.05,1.96,47.81,-0.07,47.89,0.33
6.12,-30.17,1.67,29.97,3.05,1.95,47.82,-0.06,47.90,0.38
6.13,-31.15,2.95,30.94,3.05,1.94,47.83,-0.08,47.89,0.37
6.14,-31.42,3.31,31.48,3.05,1.92,47.83,-0.08,47.90,0.34
6.15,-31.41,3.30,31.54,3.05,1.91,47.82,-0.08,47.89,0.32
6.16,-31.37,3.25,31.15,3.05,1.90,47.83,-0.09,47.90,0.35
6.17,-31.06,2.86,30.91,3.05,1.90,47.83,-0.08,47.90,0.39
6.18,-31.50,3.44,30.64,3.05,1.88,47.82,-0.10,47.90,0.41
6.19,-31.47,3.40,30.61,3.05,1.85,47.82,-0.11,47.90,0.41
6.20,-31.20,3.06,30.80,3.10,1.85,47.82,-0.09,47.89,0.42
6.21,-32.01,3.47,31.27,3.10,1.84,47.82,-0.09,47.89,0.43
6.22,-31.81,3.22,31.51,3.10,1.84,47.82,-0.07,47.90,0.40
6.23,-31.97,3.43,31.62,3.10,1.84,47.83,-0.07,47.89,0.34
6.24,-32.03,3.52,31.26,3.10,1.84,47.82,-0.08,47.90,0.32
6.25,-31.51,2.85,31.02,3.10,1.84,47.82,-0.08,47.89,0.36
6.26,-31.78,3.20,30.99,3.10,1.83,47.83,-0.10,47.89,0.35
6.27,-31.54,2.89,31.40,3.10,1.82,47.82,-0.11,47.89,0.37
6.28,-32.00,3.49,32.02,3.10,1.82,47.83,-0.11,47.89,0.41
6.29,-32.25,3.83,32.26,3.10,1.81,47.82,-0.09,47.90,0.32
6.30,-31.99,3.49,32.00,3.10,1.81,47.83,-0.07,47.90,0.33
6.31,-32.45,3.44,31.87,3.15,1.81,47.81,-0.09,47.90,0.39
6.32,-32.24,3.18,31.95,3.15,1.82,47.82,-0.12,47.90,0.39
6.33,-32.15,3.07,32.26,3.15,1.82,47.83,-0.10,47.90,0.31
6.34,-31.92,2.77,32.36,3.15,1.83,47.82,-0.07,47.89,0.38
6.35,-31.78,2.60,32.23,3.15,1.84,47.81,-0.07,47.90,0.39
6.36,-31.62,2.39,31.46,3.15,1.86,47.82,-0.09,47.89,0.34
6.37,-31.56,2.32,31.20,3.15,1.87,47.83,-0.08,47.89,0.30
6.38,-30.96,1.54,31.26,3.15,1.89,47.81,-0.06,47.90,0.30
6.39,-30.81,1.35,31.65,3.15,1.90,47.82,-0.06,47.89,0.36
6.40,-31.21,1.87,31.99,3.15,1.91,47.82,-0.07,47.89,0.42
6.41,-31.81,2.00,32.43,3.20,1.91,47.83,-0.09,47.89,0.33
6.42,-32.16,2.47,32.89,3.20,1.92,47.83,-0.07,47.90,0.41
6.43,-31.79,1.99,33.14,3.20,1.93,47.81,-0.06,47.90,0.38
6.44,-32.47,2.89,32.68,3.20,1.95,47.82,-0.09,47.89,0.41
6.45,-32.64,3.12,31.94,3.20,1.97,47.82,-0.07,47.89,0.45
6.46,-32.21,2.56,31.81,3.20,1.99,47.82,-0.09,47.91,0.38
6.47,-32.69,3.20,32.36,3.20,2.01,47.82,-0.09,47.90,0.36
6.48,-32.78,3.32,32.87,3.20,2.01,47.82,-0.07,47.88,0.42
6.49,-32.68,3.20,32.90,3.20,2.03,47.82,-0.11,47.90,0.32
6.50,-32.70,3.23,32.18,3.20,2.05,47.83,-0.10,47.89,0.41
6.51,-32.88,2.81,31.71,3.25,2.07,47.83,-0.09,47.89,0.40
6.52,-32.48,2.30,32.33,3.25,2.08,47.82,-0.11,47.90,0.33
6.53,-32.66,2.53,32.90,3.25,2.09,47.83,-0.09,47.89,0.37
6.54,-32.65,2.52,33.60,3.25,2.10,47.82,-0.10,47.88,0.38
6.55,-32.95,2.93,33.54,3.25,2.10,47.81,-0.08,47.89,0.45
6.56,-32.92,2.89,33.60,3.25,2.10,47.83,-0.08,47.90,0.34
6.57,-32.22,1.98,33.30,3.25,2.11,47.82,-0.08,47.90,0.48
6.58,-32.58,2.46,32.69,3.25,2.13,47.82,-0.07,47.90,0.35
6.59,-33.23,3.32,31.91,3.25,2.14,47.83,-0.10,47.89,0.42
6.60,-32.91,2.90,32.11,3.25,2.15,47.82,-0.08,47.89,0.44
6.61,-32.93,2.28,33.01,3.30,2.17,47.82,-0.09,47.89,0.34
6.62,-33.27,2.72,33.97,3.30,2.19,47.83,-0.07,47.89,0.43
6.63,-33.43,2.93,34.16,3.30,2.20,47.82,-0.11,47.89,0.43
6.64,-33.57,3.13,33.21,3.30,2.20,47.82,-0.11,47.89,0.35
6.65,-33.41,2.93,32.29,3.30,2.22,47.84,-0.13,47.89,0.39
6.66,-33.42,2.95,32.41,3.30,2.23,47.83,-0.09,47.89,0.43
6.67,-33.51,3.06,33.47,3.30,2.24,47.83,-0.12,47.88,0.34
6.68,-32.67,1.97,34.30,3.30,2.25,47.82,-0.06,47.89,0.40
6.69,-33.14,2.58,34.25,3.30,2.25,47.82,-0.10,47.89,0.47
6.70,-33.55,3.12,33.92,3.30,2.25,47.81,-0.09,47.89,0.43
6.71,-33.33,2.20,32.62,3.35,2.25,47.82,-0.08,47.90,0.48
6.72,-33.71,2.70,32.88,3.35,2.25,47.83,-0.11,47.90,0.38
6.73,-34.11,3.22,33.63,3.35,2.26,47.82,-0.08,47.89,0.42
6.74,-33.97,3.05,34.46,3.35,2.27,47.82,-0.10,47.89,0.44
6.75,-34.29,3.48,35.04,3.35,2.29,47.82,-0.12,47.88,0.41
6.76,-34.52,3.78,34.39,3.35,2.30,47.82,-0.10,47.89,0.36
6.77,-33.45,2.39,33.38,3.35,2.32,47.82,-0.10,47.88,0.47
6.78,-33.41,2.34,32.54,3.35,2.33,47.82,-0.09,47.89,0.37
6.79,-33.35,2.26,32.88,3.35,2.33,47.81,-0.09,47.89,0.45
6.80,-32.80,1.55,33.93,3.35,2.35,47.82,-0.07,47.90,0.38
6.81,-33.21,2.09,35.01,3.40,2.36,47.82,-0.09,47.89,0.41
6.82,-34.58,3.23,35.71,3.40,2.36,47.82,-0.10,47.90,0.41
6.83,-34.76,3.47,35.28,3.40,2.35,47.82,-0.14,47.90,0.45
6.84,-34.78,3.51,34.31,3.40,2.35,47.83,-0.12,47.89,0.49
6.85,-34.75,3.48,33.70,3.40,2.36,47.82,-0.10,47.90,0.37
6.86,-34.36,2.97,33.70,3.40,2.37,47.82,-0.09,47.89,0.40
6.87,-34.21,2.78,34.12,3.40,2.37,47.82,-0.10,47.89,0.46
6.88,-34.33,2.94,34.77,3.40,2.37,47.81,-0.08,47.90,0.41
6.89,-34.58,3.27,34.49,3.40,2.37,47.83,-0.10,47.90,0.40
6.90,-34.34,2.97,34.22,3.40,2.38,47.82,-0.12,47.90,0.43
6.91,-34.93,3.73,33.76,3.40,2.39,47.82,-0.14,47.90,0.42
6.92,-34.74,2.84,34.21,3.45,2.39,47.83,-0.11,47.90,0.38
6.93,-34.96,3.13,35.21,3.45,2.38,47.82,-0.11,47.88,0.40
6.94,-35.25,3.51,36.20,3.45,2.37,47.82,-0.12,47.90,0.39
6.95,-34.82,2.96,35.89,3.45,2.37,47.83,-0.13,47.90,0.43
6.96,-34.93,3.10,34.58,3.45,2.35,47.83,-0.12,47.88,0.46
6.97,-35.16,3.42,33.96,3.45,2.34,47.82,-0.13,47.90,0.48
6.98,-34.72,2.85,34.46,3.45,2.32,47.83,-0.10,47.89,0.38
6.99,-35.17,3.45,34.86,3.45,2.31,47.83,-0.09,47.89,0.37
7.00,-35.34,3.67,34.97,3.45,2.30,47.81,-0.12,47.90,0.40
7.01,-34.75,2.91,35.04,3.45,2.28,47.83,-0.12,47.89,0.45
7.02,-35.11,2.73,34.90,3.50,2.28,47.82,-0.12,47.89,0.49
7.03,-35.36,3.06,35.04,3.50,2.28,47.82,-0.12,47.90,0.49
7.04,-35.25,2.91,34.93,3.50,2.28,47.81,-0.13,47.90,0.44
7.05,-35.63,3.41,35.55,3.50,2.27,47.82,-0.12,47.90,0.39
7.06,-36.09,4.02,36.09,3.50,2.25,47.83,-0.12,47.89,0.41
7.07,-35.85,3.72,36.23,3.50,2.24,47.82,-0.11,47.89,0.44
7.08,-34.93,2.51,35.63,3.50,2.23,47.83,-0.08,47.88,0.48
7.09,-35.25,2.94,34.74,3.50,2.22,47.82,-0.09,47.89,0.42
7.10,-35.27,2.97,34.71,3.50,2.22,47.83,-0.09,47.89,0.40
7.11,-34.70,2.24,35.16,3.50,2.23,47.83,-0.08,47.88,0.41
7.12,-36.12,3.44,35.77,3.55,2.23,47.83,-0.11,47.91,0.40
7.13,-36.23,3.59,36.15,3.55,2.23,47.83,-0.14,47.89,0.42
7.14,-35.33,2.42,36.04,3.55,2.23,47.82,-0.10,47.89,0.42
7.15,-35.64,2.83,35.88,3.55,2.23,47.83,-0.12,47.89,0.42
7.16,-35.60,2.78,36.03,3.55,2.24,47.82,-0.12,47.90,0.43
7.17,-35.76,2.98,36.13,3.55,2.24,47.82,-0.11,47.89,0.39
7.18,-35.90,3.19,36.21,3.55,2.24,47.82,-0.11,47.90,0.41
7.19,-35.82,3.08,35.84,3.55,2.24,47.81,-0.11,47.89,0.42
7.20,-35.95,3.27,35.48,3.55,2.23,47.82,-0.10,47.89,0.40
7.21,-35.55,2.74,35.75,3.55,2.23,47.83,-0.09,47.89,0.43
7.22,-36.13,2.85,35.94,3.60,2.23,47.82,-0.09,47.90,0.43
7.23,-36.67,3.56,36.40,3.60,2.23,47.81,-0.11,47.90,0.47
7.24,-36.37,3.17,36.86,3.60,2.23,47.82,-0.12,47.89,0.52
7.25,-36.40,3.22,36.51,3.60,2.23,47.82,-0.14,47.89,0.51
7.26,-36.21,2.98,35.57,3.60,2.23,47.82,-0.13,47.90,0.49
7.27,-35.79,2.43,35.56,3.60,2.23,47.83,-0.12,47.89,0.51
7.28,-35.83,2.49,36.40,3.60,2.24,47.82,-0.12,47.90,0.46
7.29,-36.57,3.45,37.17,3.60,2.24,47.82,-0.13,47.90,0.40
7.30,-37.15,4.22,37.47,3.60,2.25,47.82,-0.13,47.88,0.50
7.31,-36.14,2.91,36.97,3.60,2.24,47.82,-0.09,47.89,0.55
7.32,-36.22,2.37,35.97,3.65,2.24,47.81,-0.10,47.89,0.54
7.33,-36.49,2.72,36.56,3.65,2.25,47.82,-0.13,47.88,0.46
7.34,-37.02,3.42,36.93,3.65,2.25,47.82,-0.15,47.89,0.41
7.35,-36.58,2.86,37.04,3.65,2.26,47.82,-0.11,47.89,0.50
7.36,-36.41,2.64,36.87,3.65,2.27,47.82,-0.09,47.89,0.54
7.37,-36.38,2.61,36.68,3.65,2.28,47.82,-0.11,47.89,0.50
7.38,-36.28,2.48,36.54,3.65,2.29,47.82,-0.12,47.91,0.43
7.39,-37.05,3.48,36.71,3.65,2.30,47.83,-0.15,47.90,0.40
7.40,-37.19,3.67,37.03,3.65,2.31,47.82,-0.14,47.89,0.49
7.41,-36.83,3.21,37.90,3.65,2.32,47.82,-0.10,47.89,0.48
7.42,-36.69,3.03,37.86,3.65,2.32,47.82,-0.12,47.89,0.45
7.43,-37.68,3.68,37.38,3.70,2.33,47.82,-0.13,47.89,0.53
7.44,-37.86,3.92,37.14,3.70,2.34,47.83,-0.14,47.89,0.49
7.45,-37.44,3.38,37.20,3.70,2.35,47.83,-0.15,47.89,0.44
7.46,-37.43,3.37,37.25,3.70,2.36,47.83,-0.12,47.89,0.52
7.47,-37.47,3.43,36.92,3.70,2.37,47.82,-0.12,47.90,0.55
7.48,-37.77,3.83,36.74,3.70,2.39,47.82,-0.16,47.90,0.44
7.49,-37.12,2.99,36.30,3.70,2.39,47.83,-0.16,47.90,0.43
7.50,-36.79,2.56,36.07,3.70,2.42,47.81,-0.12,47.88,0.41
7.51,-36.93,2.75,37.01,3.70,2.42,47.82,-0.12,47.89,0.47
7.52,-37.15,3.03,38.39,3.70,2.42,47.82,-0.14,47.89,0.54
7.53,-37.86,3.31,39.72,3.75,2.42,47.82,-0.12,47.89,0.52
7.54,-38.16,3.71,39.51,3.75,2.41,47.83,-0.17,47.89,0.49
7.55,-38.35,3.97,38.02,3.75,2.40,47.82,-0.14,47.88,0.61
7.56,-37.87,3.35,36.61,3.75,2.40,47.83,-0.16,47.90,0.48
7.57,-37.58,2.98,37.02,3.75,2.40,47.82,-0.14,47.90,0.44
7.58,-37.91,3.41,37.96,3.75,2.41,47.82,-0.11,47.87,0.56
7.59,-38.05,3.61,37.99,3.75,2.42,47.83,-0.16,47.89,0.45
7.60,-37.49,2.88,37.45,3.75,2.43,47.82,-0.11,47.90,0.54
7.61,-37.62,3.05,37.25,3.75,2.44,47.83,-0.15,47.90,0.53
7.62,-37.78,3.26,37.18,3.75,2.45,47.83,-0.17,47.90,0.44
7.63,-38.64,3.74,37.86,3.80,2.47,47.83,-0.14,47.89,0.49
7.64,-37.91,2.79,39.06,3.80,2.48,47.81,-0.14,47.89,0.51
7.65,-38.59,3.68,40.01,3.80,2.48,47.83,-0.14,47.89,0.54
7.66,-38.82,3.98,39.14,3.80,2.47,47.82,-0.18,47.88,0.57
7.67,-38.71,3.85,38.06,3.80,2.46,47.83,-0.15,47.90,0.49
7.68,-38.42,3.49,37.30,3.80,2.45,47.83,-0.13,47.89,0.52
7.69,-38.49,3.58,37.60,3.80,2.45,47.83,-0.16,47.90,0.52
7.70,-38.73,3.91,38.43,3.80,2.45,47.82,-0.13,47.89,0.46
7.71,-38.39,3.46,38.24,3.80,2.46,47.82,-0.15,47.89,0.58
7.72,-38.22,3.25,37.46,3.80,2.47,47.83,-0.14,47.89,0.47
7.73,-38.96,3.56,37.58,3.85,2.47,47.82,-0.17,47.89,0.50
7.74,-38.84,3.40,38.73,3.85,2.48,47.82,-0.15,47.89,0.47
7.75,-38.54,3.01,40.10,3.85,2.49,47.82,-0.15,47.89,0.59
7.76,-38.73,3.26,40.27,3.85,2.49,47.82,-0.13,47.89,0.60
7.77,-39.14,3.80,39.64,3.85,2.49,47.83,-0.16,47.88,0.55
7.78,-39.13,3.81,38.86,3.85,2.48,47.82,-0.18,47.89,0.49
7.79,-39.10,3.77,38.14,3.85,2.47,47.82,-0.12,47.89,0.62
7.80,-38.48,2.97,38.06,3.85,2.47,47.82,-0.13,47.90,0.43
7.81,-38.55,3.07,38.63,3.85,2.47,47.82,-0.15,47.90,0.56
7.82,-38.47,2.97,38.82,3.85,2.47,47.82,-0.13,47.89,0.51
7.83,-39.10,3.13,38.48,3.90,2.45,47.82,-0.16,47.89,0.61
7.84,-38.91,2.89,38.84,3.90,2.44,47.82,-0.14,47.89,0.47
7.85,-39.21,3.28,39.42,3.90,2.45,47.83,-0.16,47.88,0.50
7.86,-39.24,3.32,40.04,3.90,2.45,47.82,-0.16,47.89,0.57
7.87,-39.59,3.80,40.18,3.90,2.45,47.82,-0.17,47.89,0.62
7.88,-39.56,3.75,40.17,3.90,2.45,47.83,-0.16,47.88,0.59
7.89,-39.28,3.40,39.58,3.90,2.44,47.82,-0.14,47.90,0.53
7.90,-39.41,3.59,38.90,3.90,2.43,47.82,-0.16,47.89,0.54
7.91,-39.63,3.88,38.94,3.90,2.43,47.84,-0.17,47.89,0.59
7.92,-39.57,3.80,39.05,3.90,2.43,47.83,-0.14,47.89,0.49
7.93,-38.96,2.36,39.13,3.95,2.43,47.81,-0.13,47.89,0.54
7.94,-39.15,2.62,39.27,3.95,2.43,47.82,-0.14,47.89,0.58
7.95,-39.91,3.61,39.85,3.95,2.43,47.83,-0.19,47.89,0.56
7.96,-39.86,3.54,40.36,3.95,2.43,47.82,-0.14,47.89,0.51
7.97,-39.74,3.39,41.06,3.95,2.43,47.82,-0.14,47.90,0.57
7.98,-39.83,3.51,40.73,3.95,2.43,47.83,-0.17,47.88,0.56
7.99,-39.87,3.58,39.46,3.95,2.42,47.82,-0.18,47.90,0.51
8.00,-39.87,3.59,39.23,3.95,2.42,47.82,-0.17,47.88,0.59
8.01,-40.10,3.89,39.67,3.95,2.42,47.82,-0.15,47.88,0.58
8.02,-39.54,3.17,39.90,3.95,2.42,47.82,-0.12,47.89,0.62
8.03,-39.57,3.21,39.58,4.00,2.42,47.83,-0.15,47.89,0.51
8.04,-39.84,2.92,39.78,4.00,2.42,47.82,-0.16,47.90,0.49
8.05,-40.80,4.17,40.20,4.00,2.43,47.82,-0.23,47.89,0.54
8.06,-40.21,3.40,40.42,4.00,2.44,47.82,-0.18,47.89,0.59
8.07,-40.11,3.27,40.96,4.00,2.46,47.83,-0.17,47.89,0.57
8.08,-40.66,4.00,40.91,4.00,2.47,47.81,-0.19,47.89,0.55
8.09,-40.45,3.74,40.59,4.00,2.49,47.81,-0.15,47.89,0.60
8.10,-40.47,3.77,40.25,4.00,2.50,47.83,-0.15,47.89,0.60
8.11,-40.26,3.50,40.17,4.00,2.51,47.83,-0.14,47.88,0.63
8.12,-40.13,3.34,40.70,4.00,2.51,47.82,-0.13,47.88,0.65
8.13,-40.13,3.34,41.14,4.00,2.53,47.82,-0.13,47.89,0.63
8.14,-41.29,4.21,40.83,4.05,2.55,47.83,-0.19,47.89,0.62
8.15,-40.84,3.63,40.46,4.05,2.57,47.84,-0.17,47.88,0.65
8.16,-40.50,3.19,40.52,4.05,2.60,47.82,-0.17,47.89,0.64
8.17,-40.46,3.14,41.32,4.05,2.63,47.82,-0.18,47.88,0.62
8.18,-40.76,3.53,41.68,4.05,2.65,47.83,-0.16,47.89,0.62
8.19,-40.87,3.68,41.60,4.05,2.65,47.82,-0.16,47.90,0.57
8.20,-41.25,4.20,41.08,4.05,2.67,47.83,-0.19,47.89,0.54
8.21,-40.53,3.25,40.47,4.05,2.69,47.81,-0.15,47.89,0.58
8.22,-40.49,3.21,40.51,4.05,2.70,47.82,-0.14,47.89,0.60
8.23,-40.68,3.46,41.01,4.05,2.72,47.82,-0.15,47.89,0.55
8.24,-41.19,3.48,41.70,4.10,2.75,47.83,-0.14,47.89,0.56
8.25,-41.40,3.77,41.76,4.10,2.76,47.83,-0.15,47.89,0.51
8.26,-40.88,3.08,41.01,4.10,2.77,47.82,-0.18,47.89,0.56
8.27,-41.00,3.25,40.56,4.10,2.77,47.82,-0.15,47.89,0.57
8.28,-40.98,3.23,41.04,4.10,2.78,47.83,-0.19,47.89,0.53
8.29,-41.63,4.08,41.89,4.10,2.79,47.82,-0.23,47.89,0.65
8.30,-41.13,3.44,42.18,4.10,2.80,47.83,-0.18,47.88,0.69
8.31,-41.00,3.27,41.62,4.10,2.80,47.82,-0.17,47.90,0.55
8.32,-41.21,3.56,40.44,4.10,2.80,47.82,-0.18,47.89,0.58
8.33,-41.60,4.06,40.62,4.10,2.79,47.82,-0.15,47.89,0.63
8.34,-42.33,4.37,41.74,4.15,2.80,47.83,-0.15,47.90,0.55
8.35,-41.88,3.79,42.68,4.15,2.80,47.83,-0.17,47.89,0.57
8.36,-41.70,3.55,42.06,4.15,2.80,47.83,-0.19,47.89,0.66
8.37,-41.79,3.68,41.56,4.15,2.81,47.82,-0.21,47.87,0.65
8.38,-41.84,3.75,41.79,4.15,2.81,47.83,-0.18,47.89,0.62
8.39,-41.77,3.66,42.55,4.15,2.82,47.82,-0.16,47.90,0.54
8.40,-42.39,4.48,42.48,4.15,2.83,47.83,-0.20,47.89,0.67
8.41,-42.10,4.10,41.63,4.15,2.82,47.82,-0.21,47.89,0.71
8.42,-41.54,3.38,41.47,4.15,2.81,47.82,-0.18,47.89,0.62
8.43,-41.78,3.70,41.46,4.15,2.81,47.82,-0.15,47.89,0.59
8.44,-42.32,3.76,41.61,4.20,2.81,47.82,-0.14,47.89,0.56
8.45,-42.33,3.78,42.86,4.20,2.80,47.83,-0.20,47.88,0.62
8.46,-42.68,4.23,42.84,4.20,2.80,47.82,-0.23,47.89,0.66
8.47,-42.31,3.75,42.04,4.20,2.80,47.83,-0.19,47.89,0.53
8.48,-42.38,3.85,41.71,4.20,2.80,47.83,-0.21,47.90,0.58
8.49,-42.36,3.84,42.12,4.20,2.79,47.82,-0.20,47.89,0.69
8.50,-42.32,3.78,42.79,4.20,2.78,47.82,-0.17,47.90,0.58
8.51,-42.72,4.31,42.75,4.20,2.78,47.83,-0.19,47.89,0.57
8.52,-42.54,4.09,42.20,4.20,2.78,47.82,-0.20,47.88,0.69
8.53,-42.15,3.58,42.14,4.20,2.78,47.83,-0.18,47.89,0.61
8.54,-42.07,2.83,42.40,4.25,2.77,47.83,-0.13,47.89,0.58
8.55,-42.39,3.25,42.78,4.25,2.76,47.83,-0.19,47.88,0.63
8.56,-42.80,3.79,43.06,4.25,2.75,47.82,-0.23,47.89,0.60
8.57,-42.67,3.62,43.09,4.25,2.74,47.82,-0.18,47.88,0.66
8.58,-42.97,4.02,42.88,4.25,2.74,47.83,-0.24,47.89,0.67
8.59,-42.78,3.77,42.73,4.25,2.73,47.82,-0.17,47.90,0.58
8.60,-42.92,3.97,43.12,4.25,2.72,47.82,-0.21,47.89,0.67
8.61,-43.01,4.08,43.12,4.25,2.72,47.84,-0.22,47.89,0.59
8.62,-43.35,4.54,42.71,4.25,2.72,47.83,-0.18,47.88,0.66
8.63,-43.12,4.24,42.76,4.25,2.71,47.83,-0.23,47.88,0.63
8.64,-43.19,4.34,43.20,4.25,2.71,47.82,-0.19,47.89,0.56
8.65,-43.12,3.60,43.52,4.30,2.71,47.83,-0.21,47.89,0.65
8.66,-43.13,3.61,43.41,4.30,2.71,47.82,-0.21,47.89,0.64
8.67,-42.90,3.32,43.25,4.30,2.72,47.82,-0.19,47.88,0.70
8.68,-43.31,3.86,43.44,4.30,2.73,47.83,-0.23,47.89,0.60
8.69,-43.40,3.99,43.61,4.30,2.73,47.83,-0.22,47.89,0.70
8.70,-43.66,4.33,43.84,4.30,2.73,47.83,-0.19,47.89,0.62
8.71,-43.29,3.85,43.28,4.30,2.73,47.82,-0.21,47.89,0.66
8.72,-43.08,3.59,43.01,4.30,2.73,47.82,-0.19,47.89,0.61
8.73,-43.29,3.87,42.95,4.30,2.73,47.83,-0.21,47.88,0.69
8.74,-43.24,3.81,43.10,4.30,2.73,47.83,-0.17,47.89,0.62
8.75,-44.44,4.73,43.69,4.35,2.73,47.83,-0.25,47.88,0.69
8.76,-44.14,4.33,43.31,4.35,2.73,47.83,-0.20,47.89,0.61
8.77,-43.81,3.90,43.85,4.35,2.73,47.83,-0.24,47.89,0.68
8.78,-44.02,4.18,44.25,4.35,2.73,47.83,-0.22,47.88,0.66
8.79,-43.50,3.50,44.67,4.35,2.73,47.82,-0.22,47.89,0.61
8.80,-44.20,4.43,44.07,4.35,2.74,47.82,-0.23,47.89,0.71
8.81,-43.91,4.06,43.43,4.35,2.74,47.82,-0.19,47.89,0.63
8.82,-44.53,4.87,43.54,4.35,2.74,47.83,-0.26,47.89,0.64
8.83,-44.47,4.81,43.73,4.35,2.75,47.83,-0.18,47.90,0.71
8.84,-44.18,4.43,43.95,4.35,2.76,47.82,-0.22,47.89,0.58
8.85,-44.41,4.08,44.11,4.40,2.77,47.82,-0.22,47.89,0.74
8.86,-44.17,3.76,44.15,4.40,2.78,47.83,-0.18,47.90,0.61
8.87,-44.48,4.18,44.37,4.40,2.78,47.83,-0.27,47.89,0.63
8.88,-44.39,4.06,44.81,4.40,2.78,47.83,-0.22,47.89,0.71
8.89,-44.70,4.47,45.28,4.40,2.78,47.83,-0.21,47.89,0.74
8.90,-44.76,4.56,45.07,4.40,2.79,47.83,-0.23,47.87,0.73
8.91,-44.99,4.87,44.15,4.40,2.80,47.83,-0.26,47.89,0.63
8.92,-44.52,4.26,43.73,4.40,2.82,47.83,-0.20,47.89,0.73
8.93,-44.22,3.88,43.97,4.40,2.84,47.84,-0.18,47.89,0.67
8.94,-44.14,3.78,43.94,4.40,2.86,47.83,-0.22,47.88,0.63
8.95,-44.68,3.84,43.87,4.45,2.88,47.83,-0.20,47.89,0.71
8.96,-44.52,3.63,44.03,4.45,2.90,47.83,-0.23,47.89,0.62
8.97,-44.34,3.39,45.06,4.45,2.90,47.82,-0.21,47.88,0.65
8.98,-45.25,4.58,45.91,4.45,2.92,47.83,-0.28,47.89,0.67
8.99,-44.87,4.09,46.46,4.45,2.92,47.82,-0.23,47.90,0.64
9.00,-45.13,4.44,45.61,4.45,2.92,47.83,-0.23,47.89,0.66
9.01,-44.81,4.03,44.31,4.45,2.92,47.83,-0.18,47.88,0.76
9.02,-44.76,3.97,44.11,4.45,2.93,47.83,-0.21,47.88,0.67
9.03,-44.68,3.88,44.69,4.45,2.94,47.82,-0.21,47.89,0.66
9.04,-45.01,4.31,44.94,4.45,2.95,47.83,-0.24,47.89,0.67
9.05,-45.06,3.73,44.44,4.50,2.95,47.82,-0.20,47.89,0.77
9.06,-45.27,4.01,44.43,4.50,2.96,47.84,-0.22,47.89,0.68
9.07,-45.32,4.07,44.94,4.50,2.97,47.82,-0.22,47.89,0.63
9.08,-45.13,3.83,46.49,4.50,2.98,47.83,-0.21,47.89,0.63
9.09,-45.16,3.88,47.02,4.50,2.99,47.83,-0.23,47.88,0.74
9.10,-45.48,4.30,45.46,4.50,2.99,47.84,-0.26,47.88,0.72
9.11,-45.78,4.71,44.14,4.50,2.99,47.83,-0.27,47.88,0.67
9.12,-45.40,4.23,44.00,4.50,2.99,47.83,-0.25,47.88,0.69
9.13,-45.25,4.03,44.78,4.50,2.99,47.83,-0.22,47.88,0.75
9.14,-45.15,3.90,45.03,4.50,3.00,47.83,-0.20,47.89,0.62
9.15,-45.31,3.46,45.21,4.55,3.00,47.83,-0.21,47.89,0.64
9.16,-45.43,3.62,45.74,4.55,3.00,47.83,-0.21,47.89,0.63
9.17,-45.62,3.86,46.57,4.55,2.99,47.82,-0.22,47.89,0.64
9.18,-45.31,3.46,46.72,4.55,2.99,47.82,-0.19,47.89,0.66
9.19,-45.55,3.79,46.41,4.55,3.00,47.82,-0.21,47.89,0.72
9.20,-45.85,4.19,45.56,4.55,3.00,47.83,-0.20,47.89,0.70
9.21,-46.62,5.20,45.03,4.55,3.00,47.83,-0.23,47.89,0.66
9.22,-46.28,4.77,45.66,4.55,3.00,47.81,-0.21,47.89,0.62
9.23,-46.31,4.81,45.89,4.55,3.00,47.83,-0.25,47.89,0.65
9.24,-46.12,4.57,45.17,4.55,2.99,47.83,-0.25,47.89,0.65
9.25,-46.01,4.42,44.88,4.60,2.98,47.84,-0.29,47.88,0.74
9.26,-46.40,4.28,45.74,4.60,2.97,47.82,-0.23,47.90,0.73
9.27,-46.37,4.24,47.21,4.60,2.96,47.83,-0.22,47.89,0.69
9.28,-46.16,3.97,47.93,4.60,2.96,47.81,-0.19,47.88,0.67
9.29,-46.74,4.74,47.41,4.60,2.94,47.83,-0.25,47.87,0.83
9.30,-46.53,4.47,46.60,4.60,2.92,47.83,-0.27,47.89,0.75
9.31,-46.57,4.55,45.93,4.60,2.91,47.83,-0.27,47.89,0.71
9.32,-46.38,4.31,45.96,4.60,2.91,47.82,-0.26,47.88,0.71
9.33,-46.11,3.95,46.07,4.60,2.91,47.84,-0.27,47.88,0.71
9.34,-46.36,4.27,46.14,4.60,2.89,47.83,-0.29,47.88,0.71
9.35,-46.71,4.74,46.43,4.60,2.88,47.82,-0.27,47.89,0.70
9.36,-47.22,4.75,47.65,4.65,2.88,47.83,-0.24,47.89,0.64
9.37,-47.02,4.50,47.92,4.65,2.88,47.83,-0.22,47.88,0.83
9.38,-46.58,3.94,47.39,4.65,2.87,47.82,-0.23,47.89,0.73
9.39,-47.08,4.60,46.77,4.65,2.87,47.82,-0.28,47.89,0.73
9.40,-47.05,4.56,46.88,4.65,2.88,47.83,-0.26,47.88,0.78
9.41,-46.74,4.17,46.87,4.65,2.90,47.83,-0.21,47.88,0.80
9.42,-47.01,4.52,46.48,4.65,2.91,47.83,-0.26,47.89,0.80
9.43,-46.83,4.29,46.10,4.65,2.91,47.82,-0.25,47.87,0.81
9.44,-47.19,4.76,46.52,4.65,2.91,47.83,-0.30,47.89,0.77
9.46,-47.25,4.85,47.53,4.65,2.92,47.83,-0.29,47.90,0.68
9.46,-48.02,5.20,47.61,4.70,2.92,47.84,-0.29,47.88,0.82
9.47,-47.87,5.01,47.22,4.70,2.93,47.82,-0.23,47.88,0.77
9.48,-47.76,4.87,46.93,4.70,2.96,47.82,-0.30,47.89,0.71
9.49,-47.32,4.32,47.65,4.70,2.98,47.83,-0.25,47.88,0.67
9.50,-47.35,4.36,47.89,4.70,3.01,47.84,-0.22,47.87,0.86
9.51,-47.07,4.00,47.41,4.70,3.04,47.83,-0.25,47.89,0.70
9.52,-46.93,3.82,46.96,4.70,3.04,47.82,-0.24,47.88,0.75
9.53,-46.88,3.76,46.99,4.70,3.06,47.83,-0.26,47.88,0.76
9.54,-47.39,4.42,47.48,4.70,3.08,47.82,-0.23,47.89,0.83
9.55,-47.50,4.58,47.93,4.70,3.10,47.83,-0.27,47.90,0.69
9.56,-48.18,4.81,47.67,4.75,3.12,47.83,-0.28,47.88,0.75
9.57,-48.55,5.31,47.50,4.75,3.14,47.84,-0.28,47.87,0.83
9.58,-48.33,5.03,48.03,4.75,3.16,47.83,-0.28,47.88,0.65
9.59,-48.44,5.18,48.86,4.75,3.16,47.83,-0.28,47.88,0.87
9.60,-48.12,4.77,48.01,4.75,3.18,47.84,-0.26,47.89,0.70
9.61,-48.05,4.67,46.49,4.75,3.20,47.83,-0.30,47.88,0.80
9.62,-47.88,4.46,46.58,4.75,3.22,47.85,-0.29,47.88,0.79
9.63,-47.46,3.91,48.09,4.75,3.24,47.83,-0.22,47.88,0.79
9.64,-47.27,3.67,49.14,4.75,3.25,47.83,-0.28,47.88,0.77
9.65,-47.60,4.10,48.67,4.75,3.25,47.83,-0.23,47.89,0.73
9.66,-47.99,3.96,47.33,4.80,3.26,47.83,-0.28,47.88,0.79
9.67,-48.33,4.41,47.67,4.80,3.26,47.82,-0.23,47.88,0.83
9.68,-48.30,4.38,49.13,4.80,3.28,47.81,-0.22,47.89,0.76
9.69,-48.14,4.18,49.16,4.80,3.29,47.83,-0.28,47.88,0.82
9.70,-48.16,4.21,48.22,4.80,3.30,47.83,-0.26,47.89,0.76
9.71,-48.48,4.64,47.61,4.80,3.30,47.83,-0.32,47.89,0.84
9.72,-48.27,4.36,48.58,4.80,3.30,47.83,-0.26,47.89,0.68
9.73,-48.62,4.82,48.73,4.80,3.31,47.82,-0.30,47.88,0.88
9.74,-48.68,4.91,48.37,4.80,3.30,47.83,-0.25,47.88,0.76
9.75,-48.57,4.77,47.99,4.80,3.30,47.84,-0.29,47.89,0.85
9.76,-48.70,4.29,48.44,4.85,3.30,47.82,-0.25,47.89,0.72
9.77,-48.64,4.22,49.25,4.85,3.29,47.82,-0.27,47.89,0.78
9.78,-48.75,4.37,48.98,4.85,3.29,47.82,-0.28,47.88,0.86
9.79,-48.64,4.23,48.23,4.85,3.29,47.82,-0.30,47.89,0.77
9.80,-48.78,4.42,48.03,4.85,3.28,47.82,-0.28,47.89,0.83
9.81,-48.56,4.14,48.91,4.85,3.27,47.83,-0.25,47.89,0.77
9.82,-48.32,3.83,49.30,4.85,3.26,47.82,-0.26,47.88,0.82
9.83,-48.48,4.03,48.64,4.85,3.26,47.82,-0.26,47.88,0.76
9.84,-48.57,4.16,48.63,4.85,3.24,47.83,-0.26,47.88,0.82
9.85,-48.91,4.62,48.83,4.85,3.22,47.83,-0.24,47.88,0.80
9.86,-48.79,4.47,49.21,4.90,3.22,47.82,-0.24,47.89,0.80
9.87,-48.76,3.77,49.58,4.90,3.22,47.82,-0.27,47.88,0.84
9.88,-48.95,4.03,49.00,4.90,3.21,47.82,-0.28,47.88,0.76
9.89,-49.39,4.61,48.93,4.90,3.19,47.82,-0.30,47.88,0.85
9.90,-49.65,4.94,49.13,4.90,3.18,47.82,-0.30,47.89,0.80
9.91,-49.84,5.21,49.62,4.90,3.18,47.82,-0.28,47.89,0.73
9.92,-50.00,5.41,49.37,4.90,3.17,47.83,-0.32,47.88,0.85
9.93,-50.28,5.79,49.63,4.90,3.16,47.83,-0.36,47.88,0.87
9.94,-50.09,5.55,49.83,4.90,3.15,47.83,-0.27,47.88,0.78
9.95,-49.64,4.97,49.75,4.90,3.15,47.83,-0.33,47.88,0.78
9.96,-49.38,4.63,48.59,4.90,3.16,47.82,-0.35,47.88,0.88
9.97,-49.84,4.57,48.68,4.95,3.17,47.81,-0.29,47.89,0.71
9.98,-49.90,4.66,50.01,4.95,3.17,47.83,-0.27,47.89,0.88
9.99,-50.04,4.85,51.03,4.95,3.17,47.84,-0.33,47.88,0.87
10.00,-50.24,5.11,50.75,4.95,3.17,47.83,-0.30,47.88,0.86
10.01,-50.28,5.17,49.53,4.95,3.16,47.84,-0.31,47.88,0.94
10.02,-49.93,4.73,49.33,4.95,3.15,47.83,-0.27,47.89,0.78
10.03,-49.70,4.43,49.73,4.95,3.15,47.82,-0.27,47.88,0.79
10.04,-49.41,4.05,49.56,4.95,3.17,47.83,-0.32,47.88,0.89
10.05,-49.45,4.10,49.50,4.95,3.18,47.83,-0.28,47.89,0.79
10.06,-49.79,4.55,49.60,4.95,3.18,47.83,-0.26,47.88,0.81
10.07,-50.29,4.56,50.43,5.00,3.18,47.82,-0.30,47.89,0.78
10.08,-49.82,3.95,51.05,5.00,3.18,47.83,-0.27,47.89,0.80
10.09,-50.09,4.31,50.88,5.00,3.18,47.81,-0.31,47.88,0.87
10.10,-50.42,4.75,50.56,5.00,3.18,47.83,-0.34,47.89,0.86
10.11,-49.99,4.19,50.32,5.00,3.19,47.82,-0.28,47.89,0.84
10.12,-49.89,4.07,50.14,5.00,3.20,47.83,-0.29,47.88,0.93
10.13,-49.95,4.16,49.64,5.00,3.22,47.83,-0.28,47.89,0.84
10.14,-49.92,4.12,49.66,5.00,3.22,47.82,-0.27,47.88,0.77
10.15,-50.05,4.30,50.95,5.00,3.23,47.83,-0.31,47.88,0.79
10.16,-50.41,4.76,51.69,5.00,3.24,47.83,-0.33,47.89,0.81
10.17,-50.51,4.90,50.48,5.00,3.24,47.82,-0.33,47.88,0.78
10.18,-50.31,4.66,49.54,5.00,3.23,47.82,-0.34,47.88,0.88
10.19,-50.33,4.69,49.70,5.00,3.24,47.83,-0.30,47.88,0.87
10.20,-50.21,4.54,50.01,5.00,3.25,47.82,-0.22,47.88,0.86
10.21,-49.90,4.13,50.16,5.00,3.28,47.82,-0.29,47.89,0.79
10.22,-49.36,3.43,49.59,5.00,3.28,47.83,-0.27,47.89,0.82
10.23,-49.90,4.13,49.94,5.00,3.30,47.83,-0.30,47.88,0.92
10.24,-49.97,4.24,51.35,5.00,3.30,47.83,-0.32,47.89,0.91
10.25,-50.13,4.45,51.52,5.00,3.29,47.82,-0.28,47.88,0.88
10.26,-50.37,4.76,50.59,5.00,3.29,47.82,-0.30,47.89,0.94
10.27,-50.58,5.05,50.23,5.00,3.29,47.83,-0.27,47.88,0.90
10.28,-50.67,5.17,50.43,5.00,3.29,47.82,-0.26,47.88,0.80
10.29,-50.39,4.81,49.91,5.00,3.29,47.83,-0.31,47.89,0.77
10.30,-49.88,4.15,49.09,5.00,3.32,47.82,-0.30,47.88,0.86
10.31,-50.09,4.43,49.17,5.00,3.32,47.82,-0.30,47.88,0.85
10.32,-50.55,5.03,50.53,5.00,3.32,47.83,-0.33,47.89,0.77
10.33,-50.52,5.00,51.89,5.00,3.31,47.82,-0.28,47.88,0.80
10.34,-50.75,5.29,50.98,5.00,3.29,47.82,-0.28,47.88,0.91
10.35,-50.92,5.52,49.72,5.00,3.28,47.82,-0.31,47.89,0.82
10.36,-50.95,5.58,49.44,5.00,3.27,47.83,-0.28,47.89,0.74
10.37,-50.61,5.14,50.01,5.00,3.27,47.82,-0.31,47.88,0.89
10.38,-50.36,4.82,49.77,5.00,3.27,47.84,-0.35,47.88,0.90
10.39,-50.22,4.63,49.13,5.00,3.27,47.82,-0.32,47.89,0.75
10.40,-50.43,4.91,49.71,5.00,3.25,47.83,-0.30,47.88,0.84
10.41,-50.45,4.94,51.13,5.00,3.23,47.83,-0.28,47.89,0.88
10.42,-50.72,5.28,51.70,5.00,3.21,47.82,-0.30,47.89,0.88
10.43,-50.82,5.42,50.98,5.00,3.20,47.83,-0.37,47.88,0.88
10.44,-50.90,5.54,50.16,5.00,3.20,47.84,-0.36,47.88,0.90
10.45,-50.89,5.53,49.85,5.00,3.20,47.82,-0.35,47.88,0.95
10.46,-50.72,5.31,49.85,5.00,3.21,47.83,-0.33,47.89,0.82
10.47,-50.34,4.82,49.13,5.00,3.22,47.83,-0.32,47.89,0.78
10.48,-50.18,4.61,49.18,5.00,3.22,47.83,-0.32,47.87,0.90
10.49,-50.19,4.62,50.41,5.00,3.21,47.83,-0.33,47.89,0.81
10.50,-50.07,4.47,51.17,5.00,3.20,47.82,-0.31,47.88,0.81
10.51,-50.63,5.20,50.89,5.00,3.19,47.83,-0.35,47.89,0.83
10.52,-50.45,4.97,50.54,5.00,3.18,47.83,-0.32,47.89,0.78
10.53,-50.75,5.37,49.90,5.00,3.18,47.82,-0.27,47.88,0.74
10.54,-50.25,4.73,50.41,5.00,3.18,47.82,-0.27,47.89,0.82
10.55,-49.98,4.38,50.54,5.00,3.19,47.83,-0.29,47.88,0.82
10.56,-50.08,4.51,49.54,5.00,3.20,47.83,-0.32,47.88,0.93
10.57,-50.00,4.40,49.23,5.00,3.20,47.81,-0.34,47.89,0.76
10.58,-49.70,4.02,50.68,5.00,3.19,47.82,-0.28,47.88,0.74
10.59,-49.43,3.67,51.02,5.00,3.19,47.82,-0.24,47.88,0.83
10.60,-49.63,3.93,50.76,5.00,3.19,47.82,-0.27,47.89,0.81
10.61,-49.92,4.31,50.57,5.00,3.18,47.83,-0.26,47.89,0.80
10.62,-49.95,4.36,50.43,5.00,3.18,47.82,-0.27,47.87,0.87
10.63,-49.75,4.11,49.86,5.00,3.19,47.83,-0.31,47.88,0.89
10.64,-49.50,3.78,48.92,5.00,3.20,47.83,-0.28,47.88,0.76
10.65,-49.40,3.65,49.39,5.00,3.21,47.83,-0.29,47.88,0.77
10.66,-49.45,3.72,50.79,5.00,3.21,47.83,-0.25,47.89,0.82
10.67,-49.53,3.82,51.59,5.00,3.21,47.83,-0.26,47.89,0.82
10.68,-49.81,4.19,50.64,5.00,3.21,47.82,-0.32,47.86,0.84
10.69,-49.89,4.30,49.63,5.00,3.21,47.83,-0.29,47.88,0.88
10.70,-50.10,4.58,50.21,5.00,3.21,47.83,-0.30,47.88,0.92
10.71,-49.98,4.43,51.17,5.00,3.22,47.84,-0.27,47.88,0.90
10.72,-49.77,4.15,50.72,5.00,3.25,47.82,-0.25,47.88,0.89
10.73,-49.94,4.38,49.62,5.00,3.27,47.82,-0.29,47.88,0.84
10.74,-49.76,4.15,49.64,5.00,3.29,47.82,-0.31,47.88,0.80
10.75,-50.07,4.55,50.56,5.00,3.31,47.83,-0.30,47.88,0.84
10.76,-50.13,4.63,50.79,5.00,3.31,47.82,-0.32,47.87,0.92
10.77,-50.22,4.75,50.44,5.00,3.32,47.83,-0.29,47.88,0.93
10.78,-50.65,5.31,50.15,5.00,3.34,47.83,-0.27,47.88,0.87
10.79,-50.55,5.19,50.54,5.00,3.36,47.83,-0.30,47.88,0.86
10.80,-50.33,4.91,51.06,5.00,3.39,47.83,-0.32,47.89,0.83
10.81,-50.44,5.06,49.59,5.00,3.42,47.82,-0.35,47.88,0.76
10.82,-50.17,4.71,48.53,5.00,3.45,47.83,-0.36,47.89,0.92
10.83,-50.01,4.49,49.28,5.00,3.47,47.83,-0.28,47.89,0.77
10.84,-50.60,5.26,50.66,5.00,3.47,47.83,-0.27,47.89,0.84
10.85,-50.60,5.26,50.82,5.00,3.48,47.82,-0.32,47.88,0.78
10.86,-50.74,5.45,50.07,5.00,3.48,47.83,-0.35,47.89,0.80
10.87,-51.05,5.86,49.65,5.00,3.47,47.83,-0.35,47.88,0.92
10.88,-50.61,5.28,50.93,5.00,3.48,47.83,-0.30,47.88,0.90
10.89,-50.36,4.96,50.60,5.00,3.49,47.82,-0.27,47.88,0.86
10.90,-50.49,5.13,49.08,5.00,3.51,47.83,-0.35,47.89,0.82
10.91,-50.07,4.59,48.99,5.00,3.50,47.83,-0.32,47.88,0.80
10.92,-50.25,4.82,50.15,5.00,3.50,47.82,-0.32,47.88,0.94
10.93,-50.54,5.20,50.97,5.00,3.50,47.83,-0.33,47.88,0.91
10.94,-50.40,5.03,50.83,5.00,3.50,47.83,-0.27,47.90,0.90
10.95,-50.68,5.39,50.07,5.00,3.49,47.83,-0.27,47.88,0.90
10.96,-50.66,5.37,50.12,5.00,3.46,47.82,-0.30,47.88,0.83
10.97,-50.03,4.56,50.11,5.00,3.45,47.83,-0.29,47.88,0.75
10.98,-50.09,4.62,49.51,5.00,3.44,47.82,-0.33,47.89,0.90
10.99,-49.82,4.28,49.08,5.00,3.44,47.83,-0.32,47.90,0.87
11.00,-49.60,3.98,49.68,5.00,3.44,47.82,-0.26,47.89,0.76
11.01,-49.78,4.21,50.90,5.00,3.42,47.83,-0.27,47.88,0.76
11.02,-50.02,4.54,51.07,5.00,3.39,47.82,-0.29,47.88,0.79
11.03,-49.99,4.50,49.94,5.00,3.35,47.82,-0.30,47.88,0.83
11.04,-50.12,4.68,50.06,5.00,3.32,47.83,-0.33,47.88,0.91
11.05,-49.94,4.44,50.51,5.00,3.31,47.82,-0.27,47.88,0.90
11.06,-49.71,4.14,50.54,5.00,3.31,47.82,-0.24,47.89,0.89
11.07,-49.65,4.07,49.80,5.00,3.31,47.83,-0.30,47.89,0.78
11.08,-49.51,3.88,49.35,5.00,3.31,47.82,-0.27,47.89,0.78
11.09,-49.56,3.95,49.53,5.00,3.30,47.84,-0.30,47.88,0.92
11.10,-49.78,4.23,50.48,5.00,3.28,47.83,-0.28,47.88,0.91
11.11,-49.84,4.31,50.63,5.00,3.27,47.82,-0.24,47.87,0.82
11.12,-49.81,4.28,50.52,5.00,3.24,47.83,-0.29,47.87,0.87
11.13,-49.89,4.39,50.72,5.00,3.22,47.82,-0.27,47.88,0.83
11.14,-49.84,4.33,50.41,5.00,3.23,47.82,-0.30,47.89,0.79
11.15,-49.72,4.18,49.60,5.00,3.23,47.82,-0.33,47.88,0.79
11.16,-49.72,4.17,49.22,5.00,3.25,47.82,-0.30,47.88,0.88
11.17,-50.02,4.56,49.38,5.00,3.26,47.83,-0.27,47.88,0.84
11.18,-49.92,4.43,50.32,5.00,3.26,47.83,-0.29,47.89,0.79
11.19,-49.72,4.18,50.63,5.00,3.26,47.81,-0.27,47.87,0.75
11.20,-50.25,4.86,50.28,5.00,3.25,47.84,-0.35,47.88,0.90
11.21,-50.14,4.72,49.72,5.00,3.24,47.83,-0.32,47.88,0.89
11.22,-50.23,4.84,50.31,5.00,3.23,47.82,-0.25,47.88,0.88
11.23,-50.49,5.19,50.13,5.00,3.23,47.82,-0.30,47.88,0.82
11.24,-50.36,5.02,49.20,5.00,3.23,47.83,-0.33,47.88,0.78
11.25,-50.28,4.92,48.84,5.00,3.23,47.84,-0.33,47.88,0.89
11.26,-50.68,5.43,49.96,5.00,3.23,47.82,-0.35,47.89,0.81
11.27,-50.63,5.37,50.98,5.00,3.23,47.83,-0.28,47.89,0.73
11.28,-50.78,5.56,50.93,5.00,3.23,47.83,-0.31,47.88,0.86
11.29,-50.87,5.68,50.43,5.00,3.23,47.83,-0.34,47.89,0.80
11.30,-50.95,5.80,50.00,5.00,3.23,47.82,-0.33,47.89,0.75
11.31,-50.69,5.46,49.76,5.00,3.23,47.83,-0.36,47.88,0.87
11.32,-50.10,4.68,49.64,5.00,3.23,47.84,-0.31,47.88,0.89
11.33,-49.90,4.43,49.40,5.00,3.25,47.82,-0.28,47.89,0.77
11.34,-50.27,4.91,50.10,5.00,3.25,47.82,-0.33,47.89,0.80
11.35,-50.17,4.78,51.39,5.00,3.25,47.83,-0.31,47.88,0.82
11.36,-50.43,5.12,51.21,5.00,3.25,47.83,-0.35,47.88,0.78
11.37,-50.70,5.48,50.05,5.00,3.24,47.83,-0.37,47.88,0.82
11.38,-50.29,4.95,49.84,5.00,3.24,47.82,-0.30,47.88,0.90
11.39,-50.47,5.19,49.89,5.00,3.24,47.83,-0.24,47.89,0.94
11.40,-50.42,5.12,49.73,5.00,3.26,47.84,-0.31,47.88,0.80
11.41,-49.85,4.38,48.90,5.00,3.28,47.83,-0.31,47.89,0.78
11.42,-49.68,4.15,49.02,5.00,3.30,47.83,-0.33,47.89,0.88
11.43,-49.44,3.83,50.17,5.00,3.31,47.83,-0.29,47.87,0.79
11.44,-50.22,4.85,51.64,5.00,3.32,47.82,-0.26,47.89,0.77
11.45,-50.32,4.98,51.29,5.00,3.33,47.83,-0.32,47.88,0.85
11.46,-50.15,4.77,50.33,5.00,3.33,47.82,-0.30,47.89,0.79
11.47,-50.33,5.01,49.88,5.00,3.32,47.82,-0.33,47.89,0.73
11.48,-49.87,4.41,49.67,5.00,3.33,47.83,-0.33,47.88,0.83
11.49,-49.33,3.71,49.20,5.00,3.33,47.81,-0.25,47.87,0.86
11.50,-49.12,3.44,48.78,5.00,3.35,47.82,-0.24,47.89,0.82
11.51,-49.45,3.86,49.14,5.00,3.36,47.83,-0.30,47.88,0.87
11.52,-49.66,4.13,50.66,5.00,3.35,47.82,-0.28,47.88,0.89
11.53,-49.95,4.51,51.27,5.00,3.34,47.84,-0.31,47.88,0.96
11.54,-50.07,4.67,50.38,5.00,3.34,47.83,-0.29,47.88,0.93
11.55,-49.99,4.57,49.67,5.00,3.33,47.82,-0.25,47.88,0.79
11.56,-50.11,4.74,50.13,5.00,3.31,47.82,-0.28,47.89,0.81
11.57,-49.77,4.29,50.20,5.00,3.31,47.83,-0.30,47.88,0.84
11.58,-49.78,4.30,48.76,5.00,3.31,47.83,-0.31,47.88,0.90
11.59,-49.68,4.17,48.44,5.00,3.30,47.82,-0.31,47.90,0.77
11.60,-49.53,3.97,49.52,5.00,3.29,47.82,-0.24,47.88,0.84
11.61,-50.15,4.78,51.03,5.00,3.28,47.82,-0.27,47.87,0.89
11.62,-50.04,4.64,51.50,5.00,3.28,47.83,-0.32,47.88,0.93
11.63,-50.45,5.17,50.83,5.00,3.27,47.83,-0.33,47.88,0.92
11.64,-50.80,5.64,49.76,5.00,3.26,47.84,-0.34,47.89,0.89
11.65,-50.57,5.34,49.40,5.00,3.25,47.83,-0.28,47.89,0.77
11.66,-49.89,4.45,49.04,5.00,3.26,47.82,-0.28,47.89,0.86
11.67,-50.09,4.72,48.94,5.00,3.27,47.84,-0.35,47.87,0.83
11.68,-50.05,4.66,49.77,5.00,3.27,47.83,-0.34,47.89,0.72
11.69,-50.24,4.91,50.64,5.00,3.27,47.83,-0.30,47.88,0.86
11.70,-50.57,5.33,51.26,5.00,3.25,47.82,-0.29,47.88,0.82
11.71,-50.49,5.24,50.90,5.00,3.23,47.83,-0.28,47.89,0.78
11.72,-50.46,5.20,50.36,5.00,3.21,47.82,-0.30,47.89,0.89
11.73,-50.82,5.67,50.20,5.00,3.20,47.83,-0.35,47.87,0.90
11.74,-50.57,5.35,49.95,5.00,3.19,47.83,-0.34,47.88,0.87
11.75,-50.25,4.93,49.47,5.00,3.20,47.83,-0.32,47.89,0.81
11.76,-50.13,4.77,49.35,5.00,3.21,47.83,-0.31,47.89,0.79
11.77,-50.36,5.08,49.76,5.00,3.21,47.83,-0.31,47.88,0.92
11.78,-50.31,5.00,51.16,5.00,3.20,47.83,-0.35,47.88,0.95
11.79,-50.35,5.06,51.69,5.00,3.20,47.84,-0.33,47.88,0.92
11.80,-50.47,5.22,50.64,5.00,3.19,47.82,-0.28,47.89,0.95
11.81,-50.65,5.46,50.04,5.00,3.18,47.83,-0.30,47.88,0.96
11.82,-50.28,4.98,49.75,5.00,3.19,47.82,-0.26,47.89,0.81
11.83,-49.89,4.47,49.00,5.00,3.22,47.83,-0.30,47.88,0.83
11.84,-49.33,3.74,49.11,5.00,3.25,47.84,-0.30,47.88,0.89
11.85,-49.32,3.73,49.60,5.00,3.25,47.82,-0.26,47.90,0.77
11.86,-49.41,3.84,50.57,5.00,3.26,47.82,-0.28,47.90,0.74
11.87,-49.94,4.53,51.17,5.00,3.26,47.83,-0.27,47.89,0.79
11.88,-49.98,4.59,50.05,5.00,3.24,47.83,-0.30,47.89,0.82
11.89,-49.85,4.42,49.91,5.00,3.24,47.82,-0.32,47.88,0.88
11.90,-49.99,4.61,50.51,5.00,3.25,47.84,-0.30,47.87,0.89
11.91,-49.42,3.86,50.79,5.00,3.27,47.81,-0.23,47.90,0.95
11.92,-49.22,3.60,49.40,5.00,3.30,47.83,-0.28,47.89,0.82
11.93,-49.01,3.33,49.13,5.00,3.30,47.81,-0.26,47.90,0.78
11.94,-49.30,3.69,49.51,5.00,3.33,47.84,-0.28,47.88,0.93
11.95,-49.66,4.17,50.69,5.00,3.38,47.83,-0.30,47.88,0.89
11.96,-49.43,3.87,51.09,5.00,3.39,47.82,-0.22,47.88,0.87
11.97,-49.79,4.34,50.41,5.00,3.40,47.82,-0.27,47.88,0.89
11.98,-49.92,4.51,50.12,5.00,3.42,47.82,-0.26,47.88,0.82
11.99,-50.01,4.63,49.89,5.00,3.44,47.83,-0.28,47.88,0.78
12.00,-49.83,4.40,50.07,5.00,3.44,47.83,-0.32,47.88,0.86
12.01,-49.42,3.87,49.23,5.00,3.46,47.84,-0.26,47.88,0.89
12.02,-49.42,3.86,49.14,5.00,3.48,47.82,-0.26,47.88,0.82
12.03,-49.74,4.27,50.18,5.00,3.49,47.82,-0.30,47.88,0.79
12.04,-49.84,4.40,50.96,5.00,3.48,47.82,-0.28,47.88,0.80
12.05,-50.22,4.90,50.40,5.00,3.49,47.83,-0.35,47.87,0.91
12.06,-50.25,4.94,49.77,5.00,3.50,47.83,-0.30,47.88,0.92
12.07,-50.51,5.29,50.01,5.00,3.51,47.83,-0.26,47.88,0.84
12.08,-50.50,5.28,50.61,5.00,3.51,47.83,-0.31,47.89,0.84
12.09,-49.96,4.57,50.52,5.00,3.53,47.82,-0.33,47.89,0.81
12.10,-49.98,4.60,49.20,5.00,3.54,47.83,-0.33,47.88,0.84
12.11,-50.01,4.63,48.88,5.00,3.53,47.84,-0.33,47.88,0.88
12.12,-50.16,4.83,50.52,5.00,3.53,47.82,-0.27,47.88,0.76
12.13,-50.43,5.19,51.11,5.00,3.52,47.82,-0.30,47.88,0.85
12.14,-50.49,5.27,50.61,5.00,3.50,47.83,-0.34,47.88,0.83
12.15,-50.61,5.42,49.82,5.00,3.48,47.83,-0.34,47.88,0.76
12.16,-50.33,5.06,49.44,5.00,3.48,47.82,-0.34,47.88,0.88
12.17,-50.02,4.67,49.90,5.00,3.48,47.83,-0.26,47.88,0.88
12.18,-49.86,4.45,49.45,5.00,3.48,47.82,-0.28,47.89,0.82
12.19,-50.03,4.67,48.73,5.00,3.47,47.84,-0.35,47.89,0.80
12.20,-49.85,4.43,49.47,5.00,3.46,47.83,-0.31,47.88,0.88
12.21,-50.11,4.77,50.82,5.00,3.43,47.82,-0.28,47.89,0.93
12.22,-50.17,4.85,50.79,5.00,3.41,47.83,-0.30,47.88,0.86
12.23,-50.14,4.80,50.52,5.00,3.38,47.83,-0.27,47.88,0.80
12.24,-50.48,5.25,50.40,5.00,3.38,47.82,-0.28,47.88,0.85
12.25,-50.20,4.89,50.02,5.00,3.36,47.82,-0.32,47.88,0.79
12.26,-49.45,3.92,49.26,5.00,3.35,47.83,-0.27,47.89,0.83
12.27,-49.40,3.84,48.96,5.00,3.35,47.83,-0.27,47.89,0.86
12.28,-49.02,3.34,49.23,5.00,3.34,47.82,-0.25,47.88,0.78
12.29,-49.16,3.53,50.22,5.00,3.32,47.83,-0.25,47.89,0.85
12.30,-49.35,3.77,51.24,5.00,3.30,47.83,-0.27,47.89,0.86
12.31,-49.74,4.28,50.67,5.00,3.30,47.82,-0.28,47.88,0.88
12.32,-49.96,4.57,50.06,5.00,3.28,47.83,-0.25,47.88,0.91
12.33,-50.25,4.95,49.94,5.00,3.27,47.83,-0.28,47.88,0.85
12.34,-49.87,4.46,50.15,5.00,3.26,47.82,-0.27,47.89,0.74
12.35,-49.62,4.14,49.58,5.00,3.27,47.82,-0.32,47.89,0.84
12.36,-49.43,3.89,49.22,5.00,3.27,47.83,-0.31,47.88,0.90
12.37,-49.57,4.06,49.78,5.00,3.27,47.82,-0.26,47.88,0.82
12.38,-49.68,4.21,50.60,5.00,3.25,47.81,-0.27,47.88,0.81
12.39,-49.77,4.33,50.66,5.00,3.25,47.82,-0.27,47.88,0.79
12.40,-49.59,4.09,50.35,5.00,3.23,47.82,-0.28,47.88,0.80
12.41,-49.66,4.19,50.07,5.00,3.22,47.83,-0.30,47.86,0.86
12.42,-49.96,4.58,50.10,5.00,3.21,47.84,-0.27,47.88,0.87
12.43,-49.88,4.48,49.81,5.00,3.22,47.82,-0.26,47.88,0.90
12.44,-49.77,4.33,49.05,5.00,3.24,47.83,-0.32,47.89,0.77
12.45,-49.55,4.04,49.17,5.00,3.24,47.82,-0.29,47.88,0.85
12.46,-49.92,4.53,50.31,5.00,3.23,47.83,-0.31,47.88,0.91
12.47,-50.23,4.93,51.52,5.00,3.23,47.83,-0.27,47.88,0.87
12.48,-50.40,5.15,51.09,5.00,3.21,47.81,-0.28,47.88,0.87
12.49,-50.77,5.63,50.27,5.00,3.20,47.83,-0.34,47.88,0.90
12.50,-50.59,5.40,49.54,5.00,3.19,47.82,-0.35,47.89,0.76
12.51,-50.38,5.13,49.67,5.00,3.20,47.83,-0.34,47.89,0.81
12.52,-50.09,4.75,49.35,5.00,3.22,47.83,-0.33,47.88,0.89
12.53,-50.13,4.81,49.03,5.00,3.24,47.82,-0.30,47.89,0.72
12.54,-50.49,5.27,49.84,5.00,3.24,47.83,-0.33,47.87,0.84
12.55,-50.46,5.23,51.23,5.00,3.24,47.83,-0.35,47.88,0.84
12.56,-50.40,5.15,50.90,5.00,3.24,47.82,-0.32,47.89,0.83
12.57,-50.58,5.40,50.15,5.00,3.24,47.83,-0.31,47.88,0.93
12.58,-50.22,4.92,49.84,5.00,3.25,47.82,-0.28,47.88,0.93
12.59,-50.73,5.59,49.43,5.00,3.26,47.83,-0.28,47.89,0.80
12.60,-50.19,4.88,49.07,5.00,3.28,47.83,-0.34,47.88,0.80
12.61,-49.80,4.37,48.80,5.00,3.29,47.83,-0.32,47.89,0.87
12.62,-49.95,4.57,49.03,5.00,3.30,47.83,-0.28,47.89,0.79
12.63,-50.02,4.65,50.63,5.00,3.30,47.83,-0.31,47.88,0.81
12.64,-50.11,4.77,51.84,5.00,3.30,47.81,-0.29,47.89,0.76
12.65,-50.14,4.82,51.28,5.00,3.29,47.82,-0.35,47.89,0.82
12.66,-50.32,5.05,49.62,5.00,3.28,47.82,-0.33,47.88,0.82
12.67,-50.14,4.82,49.29,5.00,3.28,47.83,-0.29,47.88,0.85
12.68,-49.77,4.34,49.47,5.00,3.29,47.84,-0.27,47.88,0.83
12.69,-49.32,3.76,49.62,5.00,3.30,47.82,-0.26,47.88,0.77
12.70,-49.12,3.48,49.07,5.00,3.30,47.82,-0.26,47.87,0.91
12.71,-49.50,3.98,49.45,5.00,3.31,47.82,-0.31,47.88,0.82
12.72,-49.47,3.94,50.89,5.00,3.30,47.82,-0.25,47.88,0.76
12.73,-49.65,4.18,51.33,5.00,3.28,47.81,-0.26,47.88,0.84
12.74,-49.89,4.50,50.80,5.00,3.26,47.83,-0.31,47.88,0.84
12.75,-50.09,4.75,49.75,5.00,3.24,47.83,-0.31,47.88,0.76
12.76,-49.84,4.44,49.43,5.00,3.23,47.83,-0.30,47.88,0.91
12.77,-49.64,4.17,49.71,5.00,3.24,47.83,-0.28,47.87,0.91
12.78,-49.36,3.81,48.86,5.00,3.24,47.80,-0.24,47.89,0.75
12.79,-49.26,3.68,48.67,5.00,3.23,47.83,-0.30,47.87,0.90
12.80,-49.43,3.89,49.95,5.00,3.22,47.83,-0.27,47.89,0.78
12.81,-49.91,4.51,51.55,5.00,3.21,47.83,-0.28,47.87,0.89
12.82,-50.12,4.80,51.46,5.00,3.19,47.82,-0.30,47.87,0.89
12.83,-50.49,5.27,50.40,5.00,3.18,47.83,-0.29,47.88,0.81
12.84,-50.76,5.63,49.43,5.00,3.18,47.82,-0.26,47.88,0.82
12.85,-50.47,5.26,49.41,5.00,3.20,47.82,-0.30,47.88,0.85
12.86,-49.97,4.61,49.11,5.00,3.20,47.82,-0.32,47.89,0.83
12.87,-49.95,4.58,48.85,5.00,3.21,47.83,-0.33,47.88,0.76
12.88,-49.72,4.27,49.29,5.00,3.21,47.82,-0.29,47.88,0.88
12.89,-50.21,4.91,50.47,5.00,3.20,47.83,-0.29,47.88,0.89
12.90,-50.41,5.18,50.95,5.00,3.19,47.83,-0.33,47.88,0.87
12.91,-50.41,5.18,51.36,5.00,3.18,47.83,-0.28,47.87,0.87
12.92,-50.49,5.28,50.56,5.00,3.18,47.83,-0.32,47.88,0.94
12.93,-50.76,5.65,49.90,5.00,3.18,47.83,-0.32,47.88,0.82
12.94,-50.50,5.31,49.33,5.00,3.18,47.82,-0.29,47.88,0.79
12.95,-49.94,4.57,49.19,5.00,3.19,47.82,-0.30,47.88,0.96
12.96,-50.16,4.86,49.11,5.00,3.20,47.82,-0.36,47.90,0.79
12.97,-50.15,4.84,50.08,5.00,3.21,47.83,-0.31,47.89,0.77
12.98,-50.24,4.96,51.57,5.00,3.20,47.82,-0.29,47.88,0.77
12.99,-50.36,5.12,51.31,5.00,3.19,47.82,-0.27,47.89,0.81
13.00,-50.21,4.92,50.24,5.00,3.18,47.82,-0.29,47.88,0.83
13.01,-50.20,4.91,49.57,5.00,3.19,47.83,-0.34,47.87,0.89
13.02,-49.98,4.63,49.78,5.00,3.19,47.83,-0.31,47.88,0.87
13.03,-49.97,4.62,49.77,5.00,3.20,47.82,-0.25,47.88,0.81
13.04,-49.82,4.41,49.55,5.00,3.22,47.82,-0.30,47.88,0.82
13.05,-49.77,4.35,49.63,5.00,3.22,47.83,-0.29,47.88,0.87
13.06,-50.14,4.83,50.31,5.00,3.22,47.83,-0.32,47.87,0.92
13.07,-49.95,4.58,51.11,5.00,3.22,47.84,-0.31,47.88,0.89
13.08,-49.88,4.49,50.95,5.00,3.22,47.82,-0.27,47.89,0.86
13.09,-49.90,4.52,50.36,5.00,3.22,47.82,-0.29,47.89,0.87
13.10,-50.08,4.76,50.42,5.00,3.22,47.82,-0.26,47.88,0.80
13.11,-49.91,4.55,50.33,5.00,3.25,47.83,-0.29,47.89,0.80
13.12,-49.52,4.03,49.32,5.00,3.29,47.82,-0.32,47.89,0.82
13.13,-49.32,3.77,48.87,5.00,3.34,47.82,-0.26,47.89,0.82
13.14,-49.54,4.05,49.87,5.00,3.37,47.82,-0.26,47.90,0.80
13.15,-49.67,4.21,51.00,5.00,3.39,47.82,-0.28,47.88,0.78
13.16,-49.55,4.07,51.05,5.00,3.39,47.82,-0.29,47.88,0.78
13.17,-49.94,4.58,49.84,5.00,3.39,47.82,-0.32,47.88,0.84
13.18,-49.83,4.44,49.18,5.00,3.41,47.83,-0.31,47.88,0.86
13.19,-49.81,4.42,50.16,5.00,3.43,47.82,-0.23,47.88,0.86
13.20,-49.90,4.53,49.93,5.00,3.46,47.82,-0.28,47.89,0.87
13.21,-50.02,4.69,48.92,5.00,3.49,47.82,-0.32,47.88,0.82
13.22,-49.65,4.20,48.67,5.00,3.51,47.83,-0.28,47.88,0.89
13.23,-49.94,4.57,50.00,5.00,3.52,47.83,-0.31,47.90,0.77
13.24,-50.09,4.76,51.55,5.00,3.53,47.82,-0.24,47.87,0.78
13.25,-50.24,4.97,51.33,5.00,3.53,47.82,-0.29,47.87,0.88
13.26,-50.64,5.49,50.16,5.00,3.53,47.83,-0.34,47.89,0.81
13.27,-50.72,5.60,49.26,5.00,3.53,47.83,-0.33,47.88,0.79
13.28,-50.73,5.61,49.57,5.00,3.54,47.83,-0.32,47.88,0.91
13.29,-50.07,4.75,50.03,5.00,3.55,47.83,-0.29,47.88,0.86
13.30,-50.17,4.88,49.15,5.00,3.57,47.82,-0.32,47.88,0.78
13.31,-50.07,4.74,49.83,5.00,3.55,47.83,-0.35,47.89,0.87
13.32,-50.30,5.04,51.17,5.00,3.53,47.83,-0.32,47.88,0.87
13.33,-50.59,5.42,51.21,5.00,3.53,47.82,-0.28,47.88,0.88
13.34,-50.56,5.39,49.85,5.00,3.50,47.83,-0.31,47.87,0.94
13.35,-50.04,4.71,49.02,5.00,3.48,47.81,-0.27,47.89,0.76
13.36,-50.16,4.86,49.46,5.00,3.46,47.83,-0.29,47.88,0.83
13.37,-50.10,4.79,50.26,5.00,3.47,47.83,-0.33,47.86,0.86
13.38,-49.87,4.49,49.84,5.00,3.47,47.82,-0.28,47.88,0.85
13.39,-50.27,5.01,49.08,5.00,3.46,47.82,-0.34,47.88,0.83
13.40,-49.92,4.54,49.77,5.00,3.46,47.83,-0.29,47.88,0.77
13.41,-50.09,4.76,50.80,5.00,3.43,47.82,-0.31,47.88,0.84
13.42,-50.25,4.98,50.82,5.00,3.41,47.83,-0.36,47.88,0.86
13.43,-50.44,5.23,49.84,5.00,3.39,47.83,-0.30,47.88,0.89
13.44,-50.38,5.16,49.80,5.00,3.36,47.82,-0.25,47.88,0.92
13.45,-50.44,5.23,50.12,5.00,3.35,47.82,-0.30,47.88,0.81
13.46,-49.73,4.30,50.16,5.00,3.35,47.82,-0.29,47.88,0.75
13.47,-50.02,4.68,49.30,5.00,3.35,47.83,-0.34,47.88,0.90
13.48,-49.78,4.35,49.41,5.00,3.35,47.84,-0.31,47.89,0.87
13.49,-49.60,4.12,50.29,5.00,3.33,47.82,-0.25,47.89,0.77
13.50,-49.69,4.24,50.78,5.00,3.31,47.82,-0.29,47.89,0.80
13.51,-49.58,4.09,50.42,5.00,3.29,47.82,-0.28,47.88,0.79
13.52,-49.79,4.37,49.99,5.00,3.28,47.83,-0.30,47.88,0.81
13.53,-50.04,4.70,50.26,5.00,3.27,47.82,-0.30,47.88,0.84
13.54,-49.98,4.63,49.85,5.00,3.27,47.83,-0.27,47.89,0.89
13.55,-49.89,4.51,48.71,5.00,3.28,47.83,-0.30,47.89,0.81
13.56,-49.57,4.08,48.73,5.00,3.28,47.83,-0.31,47.88,0.87
13.57,-49.46,3.94,49.92,5.00,3.29,47.80,-0.28,47.88,0.86
13.58,-49.73,4.29,50.91,5.00,3.29,47.82,-0.27,47.88,0.91
13.59,-49.79,4.37,51.24,5.00,3.27,47.82,-0.25,47.87,0.90
13.60,-49.70,4.26,50.31,5.00,3.26,47.83,-0.29,47.88,0.86
13.61,-49.93,4.56,49.07,5.00,3.25,47.83,-0.31,47.88,0.80
13.62,-50.12,4.81,49.42,5.00,3.24,47.83,-0.29,47.87,0.86
13.63,-49.89,4.51,49.75,5.00,3.25,47.82,-0.25,47.88,0.89
13.64,-50.28,5.01,49.66,5.00,3.25,47.82,-0.32,47.90,0.78
13.65,-49.93,4.55,49.92,5.00,3.25,47.82,-0.30,47.88,0.81
13.66,-50.27,4.99,50.48,5.00,3.24,47.83,-0.36,47.88,0.93
13.67,-50.38,5.14,51.28,5.00,3.23,47.83,-0.31,47.88,0.90
13.68,-50.46,5.24,50.30,5.00,3.24,47.83,-0.27,47.89,0.89
13.69,-50.72,5.58,49.86,5.00,3.24,47.84,-0.31,47.89,0.88
13.70,-50.79,5.68,49.84,5.00,3.24,47.83,-0.29,47.89,0.77
13.71,-50.49,5.29,49.99,5.00,3.24,47.82,-0.33,47.88,0.77
13.72,-49.88,4.50,49.68,5.00,3.25,47.82,-0.33,47.88,0.89
13.73,-49.67,4.21,49.01,5.00,3.26,47.83,-0.30,47.89,0.76
13.74,-49.95,4.58,50.04,5.00,3.26,47.82,-0.29,47.89,0.81
13.75,-50.09,4.76,51.51,5.00,3.26,47.83,-0.31,47.89,0.77
13.76,-50.20,4.90,51.55,5.00,3.25,47.83,-0.32,47.89,0.84
13.77,-51.03,5.99,49.94,5.00,3.24,47.83,-0.36,47.88,0.84
13.78,-50.55,5.38,49.34,5.00,3.26,47.83,-0.32,47.88,0.82
13.79,-50.75,5.63,49.22,5.00,3.26,47.83,-0.27,47.89,0.86
13.80,-50.08,4.76,49.02,5.00,3.28,47.82,-0.29,47.89,0.78
13.81,-49.97,4.61,49.01,5.00,3.31,47.83,-0.31,47.88,0.84
13.82,-49.94,4.57,49.33,5.00,3.33,47.82,-0.31,47.89,0.87
13.83,-50.21,4.91,50.80,5.00,3.34,47.83,-0.30,47.89,0.81
13.84,-50.13,4.81,51.92,5.00,3.33,47.83,-0.27,47.88,0.88
13.85,-50.22,4.93,50.81,5.00,3.33,47.83,-0.31,47.88,0.91
13.86,-50.40,5.17,49.58,5.00,3.33,47.82,-0.33,47.89,0.82
13.87,-50.10,4.79,49.37,5.00,3.33,47.82,-0.31,47.89,0.78
13.88,-49.87,4.48,49.38,5.00,3.33,47.83,-0.29,47.87,0.91
13.89,-49.40,3.87,49.15,5.00,3.34,47.82,-0.26,47.88,0.78
13.90,-49.19,3.59,48.83,5.00,3.34,47.82,-0.25,47.88,0.86
13.91,-49.52,4.02,49.53,5.00,3.33,47.82,-0.32,47.88,0.88
13.92,-49.41,3.88,51.32,5.00,3.31,47.83,-0.30,47.88,0.83
13.93,-49.73,4.30,51.55,5.00,3.29,47.80,-0.26,47.88,0.95
13.94,-49.82,4.41,50.30,5.00,3.28,47.83,-0.30,47.88,0.95
13.95,-49.88,4.50,48.86,5.00,3.28,47.83,-0.27,47.88,0.76
13.96,-49.73,4.31,49.05,5.00,3.26,47.82,-0.28,47.88,0.89
13.97,-49.45,3.94,49.58,5.00,3.25,47.83,-0.30,47.88,0.89
13.98,-49.36,3.82,49.30,5.00,3.25,47.82,-0.26,47.89,0.77
13.99,-49.32,3.76,49.15,5.00,3.24,47.83,-0.30,47.88,0.90
14.00,-49.50,4.00,50.18,5.00,3.23,47.82,-0.27,47.88,0.87
14.01,-49.90,4.52,51.41,5.00,3.21,47.82,-0.29,47.88,0.93
14.02,-50.26,4.98,50.79,5.00,3.19,47.82,-0.34,47.88,0.92
14.03,-50.35,5.12,50.06,5.00,3.19,47.82,-0.30,47.89,0.79
14.04,-50.37,5.14,49.68,5.00,3.17,47.82,-0.26,47.89,0.82
14.05,-50.44,5.24,49.82,5.00,3.17,47.83,-0.28,47.88,0.82
14.06,-49.91,4.55,49.54,5.00,3.19,47.83,-0.29,47.88,0.88
14.07,-50.08,4.77,48.63,5.00,3.20,47.83,-0.35,47.88,0.77
14.08,-49.86,4.47,49.31,5.00,3.20,47.83,-0.31,47.88,0.83
14.09,-49.80,4.39,50.61,5.00,3.19,47.82,-0.26,47.88,0.91
14.10,-50.06,4.72,51.54,5.00,3.19,47.83,-0.32,47.88,0.88
14.11,-50.40,5.18,51.06,5.00,3.18,47.82,-0.33,47.88,0.86
14.12,-50.69,5.56,50.15,5.00,3.17,47.82,-0.34,47.88,0.95
14.13,-50.88,5.81,49.52,5.00,3.17,47.83,-0.36,47.88,0.87
14.14,-50.33,5.09,49.40,5.00,3.18,47.83,-0.27,47.88,0.74
14.15,-49.98,4.63,49.39,5.00,3.19,47.83,-0.29,47.87,0.89
14.16,-50.34,5.10,49.77,5.00,3.20,47.83,-0.35,47.88,0.93
14.17,-50.33,5.09,50.50,5.00,3.20,47.83,-0.35,47.88,0.85
14.18,-50.64,5.49,51.19,5.00,3.20,47.83,-0.32,47.89,0.93
14.19,-50.50,5.31,50.70,5.00,3.19,47.83,-0.28,47.88,0.91
14.20,-50.32,5.08,49.76,5.00,3.18,47.82,-0.29,47.89,0.80
14.21,-50.38,5.16,49.60,5.00,3.18,47.82,-0.31,47.88,0.83
14.22,-50.24,4.98,49.76,5.00,3.18,47.82,-0.32,47.89,0.86
14.23,-49.68,4.24,49.60,5.00,3.19,47.81,-0.27,47.88,0.90
14.24,-49.69,4.25,49.26,5.00,3.20,47.81,-0.31,47.89,0.76
14.25,-49.64,4.18,49.64,5.00,3.20,47.82,-0.28,47.89,0.83
14.26,-49.79,4.37,50.82,5.00,3.20,47.83,-0.30,47.88,0.94
14.27,-50.03,4.69,51.45,5.00,3.20,47.83,-0.33,47.88,0.92
14.28,-50.08,4.76,50.48,5.00,3.20,47.82,-0.29,47.88,0.90
14.29,-49.67,4.22,49.40,5.00,3.20,47.82,-0.29,47.89,0.83
14.30,-49.57,4.10,49.98,5.00,3.20,47.83,-0.23,47.88,0.78
14.31,-49.21,3.63,50.31,5.00,3.22,47.81,-0.24,47.88,0.84
14.32,-49.11,3.50,49.75,5.00,3.25,47.82,-0.30,47.88,0.90
14.33,-48.80,3.08,49.49,5.00,3.28,47.82,-0.24,47.88,0.84
14.34,-49.46,3.95,50.03,5.00,3.28,47.82,-0.26,47.88,0.82
14.35,-49.66,4.21,50.82,5.00,3.29,47.83,-0.29,47.88,0.78
14.36,-49.50,4.00,50.71,5.00,3.30,47.81,-0.27,47.89,0.76
14.37,-49.62,4.16,49.63,5.00,3.31,47.82,-0.30,47.87,0.90
14.38,-49.64,4.18,49.61,5.00,3.33,47.83,-0.30,47.88,0.90
14.39,-49.72,4.30,50.37,5.00,3.36,47.82,-0.23,47.88,0.83
14.40,-49.75,4.33,50.31,5.00,3.38,47.83,-0.28,47.87,0.88
14.41,-49.56,4.09,49.14,5.00,3.38,47.84,-0.30,47.88,0.79
14.42,-49.58,4.11,49.06,5.00,3.44,47.82,-0.29,47.88,0.92
14.43,-49.92,4.54,50.38,5.00,3.46,47.83,-0.31,47.88,0.85
14.44,-50.00,4.65,51.65,5.00,3.47,47.82,-0.25,47.87,0.86
14.45,-50.20,4.91,50.70,5.00,3.48,47.82,-0.29,47.88,0.89
14.46,-50.60,5.43,49.66,5.00,3.49,47.83,-0.33,47.89,0.81
14.47,-50.36,5.13,49.35,5.00,3.50,47.83,-0.31,47.88,0.77
14.48,-50.40,5.18,50.03,5.00,3.52,47.83,-0.31,47.88,0.90
14.49,-49.93,4.57,50.21,5.00,3.52,47.84,-0.28,47.88,0.90
14.50,-50.04,4.71,49.56,5.00,3.53,47.83,-0.29,47.89,0.77
14.51,-50.22,4.94,49.60,5.00,3.52,47.83,-0.35,47.89,0.81
14.52,-50.32,5.07,50.66,5.00,3.50,47.83,-0.33,47.88,0.80
14.53,-50.68,5.54,50.65,5.00,3.50,47.82,-0.27,47.89,0.87
14.54,-50.58,5.42,50.14,5.00,3.49,47.82,-0.32,47.89,0.94
14.55,-50.49,5.30,49.36,5.00,3.47,47.82,-0.27,47.89,0.83
14.56,-50.27,5.02,49.26,5.00,3.46,47.82,-0.29,47.89,0.82
14.57,-49.89,4.52,50.18,5.00,3.46,47.83,-0.32,47.87,0.87
14.58,-50.04,4.71,49.84,5.00,3.45,47.83,-0.29,47.88,0.88
14.59,-50.47,5.27,49.15,5.00,3.44,47.83,-0.34,47.89,0.79
14.60,-50.09,4.77,50.08,5.00,3.42,47.82,-0.30,47.89,0.78
14.61,-50.19,4.89,51.25,5.00,3.40,47.82,-0.31,47.89,0.84
14.62,-50.66,5.52,50.60,5.00,3.38,47.83,-0.36,47.88,0.86
14.63,-50.38,5.15,49.42,5.00,3.35,47.82,-0.31,47.88,0.89
14.64,-50.21,4.92,49.58,5.00,3.33,47.82,-0.24,47.88,0.88
14.65,-49.96,4.61,49.99,5.00,3.33,47.82,-0.28,47.88,0.79
14.66,-49.42,3.90,50.25,5.00,3.32,47.82,-0.26,47.89,0.77
14.67,-49.75,4.32,49.75,5.00,3.31,47.83,-0.33,47.89,0.90
14.68,-49.88,4.50,49.39,5.00,3.30,47.83,-0.31,47.88,0.89
14.69,-49.88,4.49,49.96,5.00,3.28,47.82,-0.27,47.88,0.77
14.70,-49.83,4.42,50.24,5.00,3.27,47.82,-0.29,47.89,0.79
14.71,-49.44,3.91,50.28,5.00,3.26,47.82,-0.28,47.88,0.81
14.72,-49.70,4.26,50.15,5.00,3.25,47.82,-0.29,47.89,0.87
14.73,-49.67,4.22,50.40,5.00,3.25,47.84,-0.29,47.87,0.90
14.74,-49.77,4.36,50.43,5.00,3.24,47.83,-0.24,47.89,0.90
14.75,-49.37,3.84,49.24,5.00,3.25,47.82,-0.27,47.88,0.83
14.76,-49.38,3.84,49.13,5.00,3.26,47.83,-0.31,47.89,0.82
14.77,-49.25,3.66,50.08,5.00,3.26,47.83,-0.28,47.87,0.86
14.78,-49.60,4.12,50.87,5.00,3.25,47.83,-0.27,47.87,0.96
14.79,-49.75,4.31,50.81,5.00,3.24,47.83,-0.25,47.87,0.91
14.80,-49.52,4.03,50.01,5.00,3.24,47.82,-0.27,47.87,0.85
14.81,-49.91,4.53,49.51,5.00,3.23,47.82,-0.31,47.88,0.80
14.82,-49.53,4.04,49.87,5.00,3.23,47.82,-0.28,47.88,0.82
14.83,-49.79,4.37,50.01,5.00,3.24,47.82,-0.23,47.88,0.93
14.84,-49.94,4.52,49.69,5.00,3.26,47.82,-0.33,47.88,0.84
14.85,-49.71,4.27,50.07,5.00,3.27,47.82,-0.30,47.89,0.76
14.86,-49.97,4.61,50.50,5.00,3.25,47.83,-0.32,47.88,0.87
14.87,-50.34,5.09,50.85,5.00,3.24,47.83,-0.31,47.88,0.89
14.88,-50.48,5.28,50.63,5.00,3.24,47.83,-0.28,47.88,0.88
14.89,-50.83,5.73,49.82,5.00,3.24,47.83,-0.30,47.87,0.93
14.90,-50.70,5.57,49.47,5.00,3.24,47.83,-0.28,47.88,0.81
14.91,-50.22,4.94,49.44,5.00,3.24,47.83,-0.32,47.88,0.79
14.92,-50.28,5.02,49.21,5.00,3.26,47.83,-0.37,47.87,0.88
14.93,-49.94,4.57,49.35,5.00,3.27,47.83,-0.30,47.89,0.72
14.94,-50.35,5.11,50.74,5.00,3.28,47.82,-0.30,47.89,0.84
14.95,-50.12,4.80,51.85,5.00,3.28,47.83,-0.32,47.88,0.83
14.96,-50.37,5.14,51.16,5.00,3.28,47.82,-0.33,47.88,0.83
14.97,-50.32,5.07,49.16,5.00,3.27,47.82,-0.36,47.88,0.82
14.98,-50.32,5.07,48.74,5.00,3.27,47.83,-0.31,47.87,0.89
14.99,-50.46,5.25,49.28,5.00,3.28,47.82,-0.26,47.88,0.82
15.00,-50.33,5.09,49.57,5.00,3.30,47.82,-0.31,47.88,0.78
15.01,-49.94,4.57,49.29,5.00,3.32,47.84,-0.32,47.87,0.87
15.02,-49.84,4.44,49.23,5.00,3.32,47.83,-0.31,47.88,0.87
15.03,-50.01,4.65,50.39,5.00,3.31,47.82,-0.30,47.88,0.81
15.04,-50.18,4.87,51.31,5.00,3.31,47.81,-0.27,47.88,0.79
15.05,-50.09,4.76,50.97,5.00,3.30,47.82,-0.30,47.88,0.87
15.06,-50.30,5.04,49.93,5.00,3.29,47.83,-0.34,47.88,0.81
15.07,-50.22,4.94,49.55,5.00,3.30,47.82,-0.31,47.89,0.82
15.08,-50.14,4.83,49.47,5.00,3.30,47.83,-0.30,47.87,0.90
15.09,-49.73,4.30,49.36,5.00,3.31,47.83,-0.28,47.89,0.77
15.10,-49.48,3.97,48.90,5.00,3.32,47.83,-0.28,47.89,0.84
15.11,-49.49,3.97,49.69,5.00,3.32,47.84,-0.31,47.88,0.90
15.12,-49.62,4.14,51.27,5.00,3.31,47.83,-0.28,47.88,0.88
15.13,-49.63,4.16,51.39,5.00,3.30,47.82,-0.23,47.88,0.93
15.14,-49.94,4.57,50.25,5.00,3.27,47.83,-0.31,47.88,0.96
15.15,-49.83,4.42,49.12,5.00,3.25,47.82,-0.28,47.88,0.77
15.16,-49.74,4.31,49.17,5.00,3.25,47.82,-0.28,47.88,0.85
15.17,-49.63,4.17,49.79,5.00,3.26,47.83,-0.30,47.87,0.91
15.18,-49.42,3.90,49.27,5.00,3.27,47.83,-0.26,47.88,0.78
15.19,-49.59,4.11,48.97,5.00,3.27,47.83,-0.30,47.88,0.85
15.20,-49.50,3.99,49.67,5.00,3.27,47.83,-0.27,47.87,0.89
15.21,-49.78,4.36,50.92,5.00,3.26,47.82,-0.30,47.88,0.92
15.22,-49.95,4.58,50.99,5.00,3.25,47.82,-0.31,47.88,0.89
15.23,-50.38,5.14,50.31,5.00,3.24,47.82,-0.29,47.88,0.84
15.24,-50.58,5.41,49.48,5.00,3.23,47.82,-0.25,47.88,0.82
15.25,-50.30,5.05,49.35,5.00,3.24,47.83,-0.29,47.89,0.84
15.26,-49.67,4.22,49.31,5.00,3.25,47.83,-0.30,47.88,0.83
15.27,-50.08,4.76,49.06,5.00,3.25,47.83,-0.34,47.88,0.77
15.28,-49.98,4.63,50.10,5.00,3.26,47.83,-0.31,47.88,0.84
15.29,-50.35,5.10,50.84,5.00,3.24,47.83,-0.27,47.88,0.90
15.30,-50.52,5.33,50.89,5.00,3.23,47.82,-0.34,47.88,0.91
15.31,-50.43,5.21,50.07,5.00,3.22,47.83,-0.34,47.88,0.90
15.32,-50.69,5.56,49.72,5.00,3.22,47.82,-0.33,47.88,0.90
15.33,-50.66,5.52,49.80,5.00,3.23,47.83,-0.34,47.89,0.79
15.34,-50.32,5.08,50.07,5.00,3.24,47.83,-0.26,47.89,0.75
15.35,-50.23,4.95,49.82,5.00,3.24,47.83,-0.32,47.88,0.93
15.36,-50.26,4.99,49.47,5.00,3.25,47.84,-0.37,47.89,0.87
15.37,-50.10,4.78,50.00,5.00,3.24,47.82,-0.33,47.89,0.76
15.38,-50.29,5.03,51.16,5.00,3.22,47.83,-0.31,47.88,0.80
15.39,-50.27,5.01,51.14,5.00,3.21,47.83,-0.27,47.88,0.78
15.40,-50.41,5.20,50.38,5.00,3.20,47.83,-0.29,47.88,0.79
15.41,-50.40,5.19,50.00,5.00,3.20,47.83,-0.33,47.88,0.83
15.42,-50.42,5.21,49.83,5.00,3.22,47.83,-0.34,47.87,0.87
15.43,-50.00,4.67,49.36,5.00,3.22,47.84,-0.27,47.88,0.86
15.44,-49.86,4.48,49.39,5.00,3.23,47.82,-0.30,47.88,0.77
15.45,-49.72,4.28,50.19,5.00,3.24,47.82,-0.28,47.88,0.84
15.46,-50.20,4.92,50.88,5.00,3.23,47.83,-0.33,47.87,0.94
15.47,-50.03,4.68,51.09,5.00,3.23,47.84,-0.34,47.88,0.89
15.48,-50.11,4.80,50.01,5.00,3.23,47.83,-0.29,47.88,0.90
15.49,-49.98,4.63,49.38,5.00,3.24,47.83,-0.29,47.88,0.86
15.50,-49.90,4.53,50.10,5.00,3.24,47.83,-0.25,47.89,0.78
15.51,-49.84,4.46,50.59,5.00,3.26,47.82,-0.28,47.88,0.78
15.52,-49.33,3.79,50.13,5.00,3.29,47.82,-0.31,47.88,0.83
15.53,-49.40,3.87,49.30,5.00,3.31,47.83,-0.29,47.89,0.88
15.54,-49.69,4.24,49.78,5.00,3.32,47.83,-0.27,47.88,0.88
15.55,-49.87,4.49,50.34,5.00,3.34,47.83,-0.29,47.88,0.78
15.56,-49.81,4.41,50.60,5.00,3.36,47.82,-0.28,47.89,0.75
15.57,-50.05,4.73,49.63,5.00,3.38,47.82,-0.33,47.88,0.87
15.58,-49.88,4.51,49.06,5.00,3.38,47.83,-0.32,47.88,0.89
15.59,-49.61,4.15,49.82,5.00,3.40,47.82,-0.22,47.89,0.82
15.60,-49.59,4.13,50.52,5.00,3.41,47.83,-0.28,47.88,0.80
15.61,-49.53,4.05,49.66,5.00,3.43,47.83,-0.30,47.89,0.78
15.62,-49.55,4.06,49.51,5.00,3.45,47.82,-0.29,47.88,0.93
15.63,-49.75,4.33,50.22,5.00,3.47,47.83,-0.31,47.88,0.89
15.64,-50.09,4.78,50.53,5.00,3.48,47.83,-0.26,47.88,0.87
15.65,-50.41,5.19,50.14,5.00,3.48,47.82,-0.27,47.87,0.85
15.66,-50.62,5.46,49.52,5.00,3.48,47.83,-0.33,47.88,0.82
15.67,-50.80,5.71,49.68,5.00,3.49,47.83,-0.35,47.88,0.82
15.68,-50.29,5.04,50.66,5.00,3.50,47.82,-0.31,47.87,0.92
15.69,-50.16,4.86,50.54,5.00,3.50,47.83,-0.30,47.88,0.92
15.70,-50.09,4.77,49.23,5.00,3.51,47.83,-0.30,47.89,0.76
15.71,-49.89,4.51,49.01,5.00,3.50,47.83,-0.34,47.88,0.83
15.72,-49.82,4.42,50.46,5.00,3.49,47.83,-0.31,47.87,0.86
15.73,-50.15,4.85,50.96,5.00,3.49,47.83,-0.26,47.88,0.92
15.74,-50.26,5.00,50.48,5.00,3.49,47.83,-0.30,47.89,0.93
15.75,-50.49,5.30,49.82,5.00,3.47,47.83,-0.28,47.89,0.84
15.76,-50.41,5.20,49.41,5.00,3.47,47.83,-0.31,47.89,0.80
15.77,-49.99,4.65,49.71,5.00,3.46,47.83,-0.33,47.88,0.84
15.78,-49.70,4.26,49.85,5.00,3.46,47.83,-0.28,47.88,0.85
15.79,-50.04,4.71,49.60,5.00,3.46,47.83,-0.32,47.88,0.81
15.80,-50.35,5.11,50.20,5.00,3.44,47.83,-0.30,47.88,0.77
15.81,-50.37,5.13,50.96,5.00,3.44,47.83,-0.33,47.88,0.81
15.82,-50.66,5.51,50.36,5.00,3.42,47.83,-0.37,47.88,0.85
15.83,-50.25,4.98,49.42,5.00,3.39,47.84,-0.31,47.88,0.90
15.84,-50.31,5.05,49.73,5.00,3.37,47.81,-0.24,47.87,0.88
15.85,-50.12,4.81,50.38,5.00,3.35,47.84,-0.29,47.89,0.82
15.86,-49.58,4.11,50.59,5.00,3.35,47.82,-0.27,47.89,0.75
15.87,-49.83,4.43,49.79,5.00,3.34,47.84,-0.34,47.89,0.85
15.88,-49.58,4.10,49.18,5.00,3.33,47.83,-0.29,47.88,0.87
15.89,-49.80,4.38,49.71,5.00,3.33,47.82,-0.25,47.88,0.80
15.90,-49.79,4.37,50.37,5.00,3.32,47.83,-0.29,47.88,0.77
15.91,-49.99,4.64,50.15,5.00,3.30,47.82,-0.30,47.88,0.81
15.92,-49.93,4.57,49.76,5.00,3.29,47.82,-0.33,47.88,0.85
15.93,-50.09,4.77,50.28,5.00,3.27,47.82,-0.30,47.88,0.90
15.94,-49.92,4.56,50.20,5.00,3.27,47.83,-0.25,47.87,0.89
15.95,-49.51,4.02,49.38,5.00,3.28,47.83,-0.27,47.88,0.79
15.96,-49.21,3.62,49.57,5.00,3.29,47.83,-0.29,47.89,0.79
15.97,-49.36,3.82,50.06,5.00,3.29,47.82,-0.28,47.88,0.84
15.98,-49.61,4.15,50.38,5.00,3.29,47.83,-0.28,47.87,0.95
15.99,-49.71,4.27,50.51,5.00,3.28,47.83,-0.25,47.89,0.91
16.00,-49.61,4.14,49.83,5.00,3.26,47.82,-0.26,47.87,0.82
16.01,-49.95,4.59,49.70,5.00,3.26,47.83,-0.31,47.88,0.83
16.02,-49.71,4.28,50.29,5.00,3.26,47.83,-0.29,47.88,0.85
16.03,-49.90,4.52,50.13,5.00,3.26,47.83,-0.25,47.87,0.93
16.04,-49.64,4.18,49.50,5.00,3.26,47.82,-0.30,47.89,0.81
16.05,-49.69,4.24,49.30,5.00,3.26,47.82,-0.29,47.88,0.78
16.06,-50.11,4.79,50.00,5.00,3.26,47.83,-0.29,47.88,0.91
16.07,-50.33,5.08,51.06,5.00,3.25,47.83,-0.33,47.88,0.89
16.08,-50.24,4.96,50.73,5.00,3.25,47.83,-0.28,47.87,0.87
16.09,-50.43,5.21,50.09,5.00,3.26,47.83,-0.30,47.89,0.92
16.10,-50.49,5.29,49.71,5.00,3.25,47.83,-0.28,47.88,0.81
16.11,-50.07,4.75,49.76,5.00,3.26,47.82,-0.30,47.89,0.78
16.12,-49.77,4.35,49.57,5.00,3.27,47.83,-0.34,47.88,0.86
16.13,-49.63,4.17,49.74,5.00,3.27,47.83,-0.30,47.88,0.82
16.14,-50.29,5.03,50.25,5.00,3.28,47.83,-0.30,47.88,0.84
16.15,-50.44,5.23,51.32,5.00,3.27,47.83,-0.32,47.89,0.83
16.16,-50.45,5.24,50.90,5.00,3.27,47.83,-0.31,47.89,0.80
16.17,-50.30,5.05,49.47,5.00,3.27,47.83,-0.36,47.88,0.83
16.18,-50.16,4.86,49.21,5.00,3.28,47.83,-0.30,47.88,0.86
16.19,-50.21,4.93,49.88,5.00,3.29,47.83,-0.26,47.88,0.88
16.20,-50.41,5.19,49.88,5.00,3.29,47.84,-0.31,47.88,0.84
16.21,-50.11,4.80,49.38,5.00,3.31,47.83,-0.33,47.88,0.79
16.22,-49.75,4.33,49.10,5.00,3.32,47.83,-0.30,47.89,0.92
16.23,-50.05,4.71,50.16,5.00,3.32,47.83,-0.30,47.89,0.83
16.24,-49.82,4.41,51.27,5.00,3.33,47.83,-0.24,47.88,0.83
16.25,-49.98,4.63,50.71,5.00,3.33,47.83,-0.29,47.88,0.88
16.26,-50.06,4.73,49.71,5.00,3.32,47.82,-0.32,47.88,0.79
16.27,-49.90,4.53,49.47,5.00,3.31,47.82,-0.29,47.88,0.81
16.28,-49.81,4.41,49.72,5.00,3.31,47.82,-0.29,47.88,0.92
16.29,-49.38,3.85,49.84,5.00,3.32,47.83,-0.26,47.89,0.79
16.30,-49.21,3.62,49.55,5.00,3.32,47.82,-0.26,47.88,0.79
16.31,-49.54,4.05,49.29,5.00,3.32,47.83,-0.31,47.88,0.90
16.32,-49.62,4.16,50.09,5.00,3.31,47.83,-0.30,47.87,0.87
16.33,-49.57,4.09,50.92,5.00,3.30,47.82,-0.24,47.88,0.88
16.34,-49.75,4.33,50.33,5.00,3.28,47.83,-0.28,47.89,0.84
16.35,-49.99,4.64,49.65,5.00,3.27,47.83,-0.27,47.89,0.75
16.36,-49.92,4.56,49.79,5.00,3.27,47.82,-0.29,47.88,0.87
16.37,-49.76,4.35,49.97,5.00,3.27,47.83,-0.32,47.88,0.92
16.38,-49.38,3.85,48.94,5.00,3.27,47.81,-0.26,47.89,0.79
16.39,-49.58,4.11,48.31,5.00,3.27,47.84,-0.30,47.88,0.86
16.40,-49.41,3.88,49.82,5.00,3.25,47.84,-0.27,47.86,0.85
16.41,-49.74,4.31,51.69,5.00,3.24,47.83,-0.28,47.88,0.89
16.42,-50.02,4.67,51.95,5.00,3.22,47.84,-0.33,47.88,0.96
16.43,-50.16,4.85,50.65,5.00,3.21,47.83,-0.30,47.88,0.92
16.44,-50.49,5.30,49.39,5.00,3.21,47.83,-0.26,47.88,0.85
16.45,-50.33,5.09,49.29,5.00,3.20,47.83,-0.28,47.88,0.76
16.46,-49.69,4.25,49.67,5.00,3.22,47.82,-0.28,47.88,0.84
16.47,-49.99,4.64,49.16,5.00,3.24,47.83,-0.35,47.89,0.80
16.48,-50.11,4.80,49.73,5.00,3.24,47.82,-0.33,47.89,0.76
16.49,-50.37,5.13,50.47,5.00,3.23,47.83,-0.28,47.90,0.81
16.50,-50.48,5.28,50.86,5.00,3.23,47.82,-0.30,47.88,0.82
16.51,-50.24,4.97,50.40,5.00,3.23,47.83,-0.32,47.89,0.86
16.52,-50.25,4.99,49.93,5.00,3.22,47.84,-0.33,47.88,0.93
16.53,-50.36,5.13,50.14,5.00,3.22,47.83,-0.34,47.88,0.87
16.54,-50.25,4.99,50.27,5.00,3.22,47.83,-0.27,47.88,0.79
16.55,-50.24,4.97,49.55,5.00,3.24,47.83,-0.30,47.88,0.82
16.56,-50.09,4.78,49.17,5.00,3.25,47.83,-0.34,47.88,0.91
16.57,-50.13,4.82,49.84,5.00,3.25,47.83,-0.33,47.88,0.84
16.58,-50.31,5.06,50.88,5.00,3.24,47.83,-0.32,47.89,0.87
16.59,-50.39,5.17,50.62,5.00,3.24,47.83,-0.27,47.89,0.83
16.60,-50.48,5.28,49.98,5.00,3.23,47.82,-0.29,47.89,0.79
16.61,-50.68,5.55,49.95,5.00,3.21,47.82,-0.32,47.87,0.83
16.62,-50.43,5.22,49.88,5.00,3.21,47.84,-0.32,47.88,0.88
16.63,-50.04,4.71,49.84,5.00,3.22,47.83,-0.29,47.88,0.89
16.64,-50.06,4.74,49.88,5.00,3.24,47.83,-0.31,47.89,0.81
16.65,-49.96,4.60,49.70,5.00,3.24,47.83,-0.29,47.89,0.79
16.66,-49.88,4.49,50.12,5.00,3.23,47.83,-0.31,47.87,0.91
16.67,-49.76,4.44,50.95,5.00,3.23,47.82,-0.25,47.88,0.91
16.68,-49.83,4.43,50.10,5.00,3.23,47.82,-0.27,47.89,0.88
16.69,-49.67,4.23,49.71,5.00,3.23,47.82,-0.27,47.89,0.82
16.70,-49.60,4.13,50.32,5.00,3.24,47.82,-0.24,47.89,0.76
16.71,-49.54,4.06,50.74,5.00,3.26,47.83,-0.28,47.88,0.79
16.72,-49.54,4.06,49.86,5.00,3.27,47.83,-0.32,47.88,0.84
16.73,-49.40,3.87,48.92,5.00,3.30,47.84,-0.29,47.88,0.85
16.74,-49.47,3.97,49.62,5.00,3.31,47.82,-0.25,47.88,0.78
16.75,-49.56,4.07,50.65,5.00,3.31,47.82,-0.28,47.88,0.77
16.76,-49.31,3.75,51.27,5.00,3.32,47.83,-0.26,47.89,0.76
16.77,-49.54,4.06,49.84,5.00,3.33,47.83,-0.32,47.88,0.87
16.78,-49.56,4.08,49.60,5.00,3.34,47.84,-0.29,47.87,0.89
16.79,-49.69,4.25,50.38,5.00,3.36,47.82,-0.23,47.89,0.82
16.80,-49.48,3.98,50.81,5.00,3.39,47.83,-0.28,47.88,0.89
16.81,-49.04,3.40,49.53,5.00,3.42,47.83,-0.26,47.89,0.80
16.82,-49.52,4.04,48.95,5.00,3.43,47.82,-0.28,47.88,0.85
16.83,-49.81,4.41,49.93,5.00,3.43,47.83,-0.31,47.89,0.89
16.84,-49.94,4.57,51.01,5.00,3.45,47.83,-0.26,47.88,0.87
16.85,-50.23,4.96,50.41,5.00,3.46,47.82,-0.29,47.88,0.86
16.86,-50.42,5.20,49.83,5.00,3.46,47.82,-0.32,47.88,0.82
16.87,-50.37,5.14,50.02,5.00,3.46,47.83,-0.32,47.88,0.76
16.88,-50.58,5.42,50.50,5.00,3.47,47.83,-0.31,47.87,0.88
16.89,-50.19,4.90,50.10,5.00,3.48,47.83,-0.30,47.89,0.93
16.90,-49.99,4.65,48.96,5.00,3.48,47.82,-0.31,47.88,0.80
16.91,-50.44,5.23,49.14,5.00,3.47,47.83,-0.35,47.89,0.78
16.92,-50.16,4.86,50.25,5.00,3.46,47.83,-0.33,47.88,0.86
16.93,-50.25,4.98,50.63,5.00,3.45,47.82,-0.28,47.88,0.90
16.94,-50.14,4.83,50.25,5.00,3.44,47.84,-0.30,47.88,0.91
16.95,-50.25,4.98,49.66,5.00,3.42,47.83,-0.27,47.88,0.75
16.96,-50.13,4.83,49.86,5.00,3.40,47.83,-0.29,47.88,0.82
16.97,-49.98,4.63,50.62,5.00,3.40,47.84,-0.33,47.88,0.81
16.98,-50.22,4.95,50.10,5.00,3.40,47.83,-0.31,47.88,0.88
16.99,-50.65,5.51,48.94,5.00,3.39,47.84,-0.35,47.88,0.88
17.00,-50.08,4.76,48.95,5.00,3.38,47.83,-0.29,47.89,0.77
17.01,-50.05,4.72,50.43,5.00,3.36,47.83,-0.30,47.88,0.89
17.02,-50.27,5.00,50.73,5.00,3.35,47.83,-0.34,47.89,0.91
17.03,-49.98,4.63,50.32,5.00,3.32,47.82,-0.29,47.88,0.90
17.04,-50.06,4.73,50.26,5.00,3.30,47.83,-0.24,47.88,0.92
17.05,-50.00,4.66,50.54,5.00,3.28,47.83,-0.29,47.88,0.85
17.06,-49.43,3.92,50.05,5.00,3.28,47.82,-0.27,47.88,0.78
17.07,-49.66,4.21,48.85,5.00,3.28,47.83,-0.33,47.88,0.91
17.08,-49.52,4.02,48.85,5.00,3.28,47.82,-0.28,47.88,0.80
17.09,-49.51,4.01,49.90,5.00,3.27,47.82,-0.24,47.89,0.75
17.10,-49.43,3.90,50.90,5.00,3.26,47.83,-0.28,47.88,0.80
17.11,-49.69,4.24,50.67,5.00,3.24,47.82,-0.29,47.88,0.81
17.12,-49.79,4.38,50.03,5.00,3.22,47.82,-0.28,47.87,0.88
17.13,-50.02,4.68,50.70,5.00,3.22,47.82,-0.30,47.88,0.88
17.14,-49.85,4.46,50.63,5.00,3.22,47.83,-0.24,47.88,0.92
17.15,-49.54,4.06,49.60,5.00,3.23,47.82,-0.29,47.89,0.87
17.16,-49.72,4.29,49.05,5.00,3.24,47.82,-0.32,47.89,0.80
17.17,-49.26,3.68,49.47,5.00,3.24,47.83,-0.28,47.88,0.85
17.18,-49.45,3.93,50.35,5.00,3.23,47.83,-0.26,47.87,0.90
17.19,-49.61,4.13,50.66,5.00,3.22,47.82,-0.24,47.88,0.88
17.20,-49.70,4.25,50.18,5.00,3.21,47.82,-0.28,47.88,0.81
17.21,-49.70,4.26,50.03,5.00,3.21,47.82,-0.31,47.88,0.81
17.22,-49.67,4.22,50.35,5.00,3.19,47.83,-0.29,47.88,0.80
17.23,-49.88,4.50,49.88,5.00,3.19,47.82,-0.25,47.88,0.90
17.24,-49.65,4.19,49.20,5.00,3.20,47.83,-0.30,47.87,0.88
17.25,-49.55,4.06,49.39,5.00,3.21,47.83,-0.28,47.89,0.75
17.26,-50.02,4.67,50.08,5.00,3.20,47.83,-0.32,47.88,0.90
17.27,-50.26,4.99,50.85,5.00,3.20,47.84,-0.31,47.88,0.88
17.28,-50.31,5.05,50.30,5.00,3.20,47.82,-0.27,47.88,0.87
17.29,-50.66,5.51,49.73,5.00,3.20,47.84,-0.30,47.89,0.85
17.30,-50.63,5.47,49.63,5.00,3.20,47.83,-0.29,47.88,0.76
17.31,-50.22,4.94,50.15,5.00,3.19,47.82,-0.31,47.89,0.81
17.32,-50.27,5.00,49.91,5.00,3.21,47.83,-0.36,47.87,0.88
17.33,-50.17,4.87,49.14,5.00,3.23,47.83,-0.32,47.88,0.79
17.34,-50.42,5.19,49.58,5.00,3.24,47.83,-0.32,47.89,0.80
17.35,-50.36,5.11,51.24,5.00,3.24,47.82,-0.33,47.88,0.81
17.36,-50.65,5.49,51.35,5.00,3.24,47.83,-0.33,47.89,0.77
17.37,-50.45,5.24,50.12,5.00,3.24,47.82,-0.35,47.88,0.84
17.38,-50.66,5.51,49.63,5.00,3.23,47.83,-0.30,47.88,0.88
17.39,-50.44,5.23,49.47,5.00,3.24,47.83,-0.25,47.88,0.85
17.40,-50.02,4.69,49.19,5.00,3.26,47.83,-0.32,47.89,0.79
17.41,-49.85,4.46,48.63,5.00,3.28,47.84,-0.31,47.88,0.88
17.42,-49.70,4.26,49.04,5.00,3.30,47.82,-0.30,47.88,0.82
17.43,-50.06,4.71,50.51,5.00,3.30,47.84,-0.30,47.89,0.76
17.44,-50.10,4.77,51.86,5.00,3.30,47.82,-0.27,47.89,0.78
17.45,-50.44,5.22,50.83,5.00,3.30,47.83,-0.30,47.88,0.86
17.46,-50.17,4.86,49.76,5.00,3.30,47.83,-0.33,47.88,0.80
17.47,-50.21,4.93,49.62,5.00,3.30,47.83,-0.32,47.89,0.81
17.48,-50.08,4.75,49.88,5.00,3.31,47.83,-0.29,47.87,0.91
17.49,-49.80,4.38,49.45,5.00,3.32,47.82,-0.29,47.88,0.83
17.50,-49.22,3.63,48.99,5.00,3.33,47.82,-0.27,47.88,0.76
17.51,-49.71,4.27,49.29,5.00,3.33,47.83,-0.34,47.88,0.92
17.52,-49.38,3.84,50.61,5.00,3.31,47.83,-0.26,47.88,0.87
17.53,-49.97,4.60,51.20,5.00,3.31,47.83,-0.27,47.87,0.93
17.54,-50.08,4.75,50.58,5.00,3.30,47.83,-0.30,47.87,0.90
17.55,-49.80,4.39,49.65,5.00,3.29,47.82,-0.26,47.88,0.80
17.56,-49.71,4.28,49.35,5.00,3.28,47.82,-0.28,47.88,0.85
17.57,-49.53,4.05,49.37,5.00,3.29,47.83,-0.30,47.88,0.90
17.58,-49.70,4.27,48.78,5.00,3.30,47.82,-0.26,47.88,0.77
17.59,-49.65,4.19,48.83,5.00,3.31,47.83,-0.30,47.87,0.87
17.60,-49.84,4.44,49.92,5.00,3.31,47.83,-0.27,47.88,0.86
17.61,-49.76,4.33,51.03,5.00,3.30,47.82,-0.30,47.88,0.90
17.62,-49.86,4.46,50.96,5.00,3.29,47.83,-0.32,47.88,0.89
17.63,-50.05,4.71,50.14,5.00,3.27,47.82,-0.30,47.89,0.79
17.64,-50.47,5.27,49.51,5.00,3.26,47.81,-0.24,47.88,0.79
17.65,-50.07,4.75,50.06,5.00,3.27,47.83,-0.28,47.88,0.80
17.66,-49.61,4.14,50.06,5.00,3.28,47.83,-0.28,47.87,0.87
17.67,-50.01,4.67,48.88,5.00,3.29,47.83,-0.35,47.89,0.80
17.68,-49.95,4.59,48.82,5.00,3.28,47.82,-0.32,47.89,0.80
17.69,-50.16,4.86,50.30,5.00,3.28,47.83,-0.28,47.88,0.90
17.70,-50.76,5.64,50.91,5.00,3.27,47.83,-0.31,47.89,0.92
17.71,-50.35,5.10,50.67,5.00,3.25,47.84,-0.32,47.87,0.90
17.72,-50.50,5.30,50.24,5.00,3.24,47.82,-0.33,47.87,0.90
17.73,-50.66,5.51,50.02,5.00,3.23,47.84,-0.33,47.88,0.82
17.74,-50.17,4.88,49.85,5.00,3.24,47.83,-0.27,47.89,0.76
17.75,-49.97,4.63,49.28,5.00,3.24,47.83,-0.28,47.87,0.92
17.76,-50.13,4.83,49.40,5.00,3.24,47.83,-0.34,47.89,0.85
17.77,-49.97,4.62,50.80,5.00,3.23,47.82,-0.32,47.89,0.80
17.78,-50.61,5.45,51.46,5.00,3.20,47.83,-0.31,47.88,0.84
17.79,-50.55,5.38,50.76,5.00,3.18,47.83,-0.29,47.88,0.83
17.80,-50.53,5.35,49.78,5.00,3.18,47.82,-0.29,47.89,0.76
17.81,-50.72,5.59,49.89,5.00,3.17,47.84,-0.34,47.89,0.83
17.82,-50.38,5.16,50.39,5.00,3.18,47.83,-0.33,47.88,0.87
17.83,-50.20,4.92,50.06,5.00,3.19,47.83,-0.29,47.88,0.94
17.84,-50.09,4.78,49.46,5.00,3.19,47.82,-0.32,47.90,0.79
17.85,-49.65,4.20,49.57,5.00,3.20,47.82,-0.28,47.89,0.76
17.86,-49.89,4.50,50.21,5.00,3.20,47.84,-0.32,47.87,0.93
17.87,-50.08,4.75,50.99,5.00,3.20,47.83,-0.33,47.89,0.89
17.88,-49.91,4.53,50.36,5.00,3.21,47.83,-0.27,47.88,0.88
17.89,-49.79,4.38,50.05,5.00,3.21,47.82,-0.27,47.88,0.91
17.90,-50.04,4.71,50.39,5.00,3.23,47.83,-0.27,47.89,0.85
17.91,-49.65,4.20,50.37,5.00,3.26,47.83,-0.28,47.89,0.79
17.92,-49.50,4.01,49.42,5.00,3.26,47.83,-0.33,47.88,0.78
17.93,-49.50,4.01,48.80,5.00,3.29,47.83,-0.28,47.88,0.85
17.94,-49.91,4.54,49.40,5.00,3.32,47.82,-0.27,47.88,0.83
17.95,-49.96,4.60,50.28,5.00,3.34,47.83,-0.30,47.88,0.76
17.96,-49.78,4.37,50.77,5.00,3.35,47.82,-0.29,47.89,0.78
17.97,-49.84,4.44,49.94,5.00,3.37,47.83,-0.33,47.88,0.91
17.98,-49.58,4.11,49.76,5.00,3.39,47.84,-0.30,47.88,0.90
17.99,-49.80,4.41,50.67,5.00,3.39,47.82,-0.28,47.88,0.88
18.00,-49.60,4.15,50.42,5.00,3.41,47.82,-0.28,47.87,0.91
18.01,-49.39,3.87,48.96,5.00,3.43,47.83,-0.29,47.89,0.79
18.02,-49.46,3.95,48.64,5.00,3.45,47.83,-0.27,47.87,0.90
18.03,-49.89,4.50,49.91,5.00,3.47,47.82,-0.29,47.87,0.81
18.04,-50.07,4.74,51.08,5.00,3.49,47.82,-0.25,47.88,0.77
18.05,-50.01,4.67,50.80,5.00,3.49,47.82,-0.27,47.88,0.84
18.06,-50.50,5.31,50.00,5.00,3.48,47.83,-0.33,47.88,0.79
18.07,-50.53,5.35,49.85,5.00,3.48,47.83,-0.34,47.90,0.79
18.08,-50.37,5.14,49.98,5.00,3.49,47.83,-0.31,47.87,0.93
18.09,-49.81,4.41,50.01,5.00,3.50,47.84,-0.29,47.87,0.90
18.10,-49.79,4.38,49.30,5.00,3.51,47.83,-0.29,47.89,0.77
18.11,-50.02,4.68,49.35,5.00,3.51,47.83,-0.34,47.87,0.84
18.12,-50.02,4.68,50.79,5.00,3.50,47.83,-0.33,47.89,0.88
18.13,-50.28,5.02,50.87,5.00,3.48,47.83,-0.27,47.87,0.93
18.14,-50.13,4.82,50.19,5.00,3.47,47.83,-0.30,47.88,0.92
18.15,-50.20,4.92,49.92,5.00,3.47,47.81,-0.27,47.89,0.78
18.16,-50.28,5.02,50.05,5.00,3.46,47.83,-0.30,47.89,0.82
18.17,-50.32,5.07,50.31,5.00,3.46,47.83,-0.34,47.88,0.76
18.18,-50.05,4.72,49.73,5.00,3.47,47.83,-0.30,47.88,0.86
18.19,-50.48,5.29,49.03,5.00,3.47,47.83,-0.34,47.89,0.87
18.20,-50.41,5.18,49.63,5.00,3.46,47.83,-0.30,47.88,0.78
18.21,-50.19,4.90,50.66,5.00,3.44,47.83,-0.30,47.89,0.82
18.22,-50.79,5.68,50.87,5.00,3.41,47.82,-0.36,47.87,0.84
18.23,-50.72,5.59,50.17,5.00,3.41,47.83,-0.31,47.88,0.88
18.24,-50.68,5.54,50.10,5.00,3.39,47.83,-0.26,47.88,0.92
18.25,-50.12,4.81,50.35,5.00,3.37,47.82,-0.29,47.89,0.91
18.26,-49.75,4.33,50.02,5.00,3.37,47.82,-0.28,47.89,0.78
18.27,-49.67,4.22,49.10,5.00,3.37,47.84,-0.33,47.88,0.87
18.28,-49.62,4.16,48.81,5.00,3.36,47.83,-0.31,47.89,0.86
18.29,-49.75,4.32,49.72,5.00,3.35,47.82,-0.26,47.89,0.74
18.30,-49.84,4.45,50.65,5.00,3.35,47.82,-0.29,47.88,0.80
18.31,-49.90,4.52,50.72,5.00,3.33,47.82,-0.31,47.88,0.82
18.32,-49.70,4.26,50.43,5.00,3.31,47.83,-0.29,47.88,0.83
18.33,-49.81,4.40,50.79,5.00,3.29,47.82,-0.30,47.88,0.85
18.34,-49.45,3.94,50.10,5.00,3.28,47.83,-0.24,47.87,0.91
18.35,-49.39,3.86,48.69,5.00,3.29,47.83,-0.27,47.88,0.85
18.36,-49.18,3.59,48.82,5.00,3.29,47.83,-0.28,47.89,0.83
18.37,-48.88,3.19,50.03,5.00,3.29,47.83,-0.24,47.88,0.86
18.38,-49.49,3.98,50.97,5.00,3.29,47.82,-0.27,47.88,0.94
18.39,-49.81,4.40,51.09,5.00,3.28,47.83,-0.26,47.88,0.93
18.40,-49.79,4.37,50.07,5.00,3.26,47.82,-0.27,47.88,0.85
18.41,-50.13,4.83,49.62,5.00,3.25,47.83,-0.34,47.88,0.81
18.42,-49.93,4.56,49.60,5.00,3.24,47.82,-0.30,47.88,0.84
18.43,-49.73,4.30,49.50,5.00,3.24,47.82,-0.25,47.87,0.92
18.44,-49.85,4.46,49.50,5.00,3.25,47.82,-0.31,47.89,0.81
18.45,-49.92,4.55,49.91,5.00,3.25,47.83,-0.28,47.88,0.77
18.46,-50.26,4.98,50.63,5.00,3.25,47.82,-0.35,47.88,0.87
18.47,-50.09,4.77,50.84,5.00,3.24,47.83,-0.33,47.88,0.89
18.48,-50.37,5.14,50.46,5.00,3.23,47.83,-0.29,47.88,0.87
18.49,-50.46,5.25,50.07,5.00,3.23,47.82,-0.29,47.87,0.95
18.50,-50.47,5.26,50.00,5.00,3.23,47.82,-0.27,47.88,0.84
18.51,-50.35,5.11,49.91,5.00,3.23,47.83,-0.31,47.88,0.78
18.52,-50.02,4.69,49.57,5.00,3.24,47.83,-0.34,47.88,0.80
18.53,-49.85,4.46,49.13,5.00,3.27,47.83,-0.31,47.87,0.84
18.54,-49.83,4.43,49.80,5.00,3.27,47.82,-0.27,47.88,0.84
18.55,-49.81,4.41,51.19,5.00,3.27,47.82,-0.30,47.89,0.79
18.56,-50.22,4.93,51.27,5.00,3.26,47.83,-0.32,47.88,0.77
18.57,-50.54,5.36,50.30,5.00,3.26,47.83,-0.37,47.89,0.83
18.58,-50.38,5.15,49.72,5.00,3.26,47.82,-0.33,47.89,0.80
18.59,-50.52,5.34,49.62,5.00,3.28,47.82,-0.26,47.88,0.85
18.60,-50.37,5.15,49.29,5.00,3.30,47.83,-0.34,47.88,0.88
18.61,-49.83,4.43,48.45,5.00,3.30,47.82,-0.31,47.89,0.81
18.62,-49.86,4.47,48.58,5.00,3.32,47.83,-0.30,47.89,0.88
18.63,-50.14,4.84,50.15,5.00,3.33,47.83,-0.32,47.90,0.74
18.64,-50.18,4.88,51.47,5.00,3.33,47.82,-0.26,47.90,0.76
18.65,-50.23,4.95,51.10,5.00,3.32,47.82,-0.29,47.89,0.85
18.66,-50.14,4.84,50.61,5.00,3.31,47.82,-0.32,47.89,0.81
18.67,-50.16,4.87,50.46,5.00,3.31,47.82,-0.32,47.89,0.75
18.68,-49.97,4.62,49.72,5.00,3.33,47.83,-0.31,47.88,0.90
18.69,-49.48,3.98,48.68,5.00,3.33,47.82,-0.28,47.88,0.86
18.70,-48.92,3.24,48.39,5.00,3.34,47.82,-0.24,47.87,0.89
18.71,-49.05,3.42,48.92,5.00,3.35,47.82,-0.27,47.88,0.89
18.72,-49.32,3.76,50.96,5.00,3.35,47.82,-0.27,47.88,0.82
18.73,-49.50,3.99,51.60,5.00,3.34,47.81,-0.25,47.88,0.94
18.74,-49.80,4.40,50.79,5.00,3.33,47.82,-0.29,47.88,0.89
18.75,-50.14,4.83,49.40,5.00,3.32,47.81,-0.27,47.89,0.79
18.76,-50.10,4.79,48.93,5.00,3.32,47.82,-0.28,47.88,0.87
18.77,-49.70,4.27,49.40,5.00,3.32,47.83,-0.30,47.89,0.89
18.78,-49.32,3.77,49.38,5.00,3.33,47.81,-0.26,47.88,0.77
18.79,-49.34,3.80,49.39,5.00,3.33,47.82,-0.29,47.87,0.86
18.80,-49.48,3.97,50.05,5.00,3.31,47.82,-0.26,47.88,0.91
18.81,-49.70,4.26,51.14,5.00,3.29,47.83,-0.30,47.88,0.94
18.82,-49.76,4.33,51.08,5.00,3.28,47.82,-0.32,47.89,0.91
18.83,-49.87,4.48,50.50,5.00,3.26,47.84,-0.30,47.88,0.88
18.84,-50.38,5.15,49.96,5.00,3.26,47.82,-0.25,47.88,0.86
18.85,-50.27,5.01,49.58,5.00,3.26,47.83,-0.28,47.89,0.77
18.86,-49.64,4.19,49.48,5.00,3.28,47.83,-0.27,47.89,0.82
18.87,-49.91,4.54,48.75,5.00,3.30,47.82,-0.35,47.87,0.83
18.88,-49.99,4.64,49.13,5.00,3.31,47.83,-0.33,47.89,0.74
18.89,-50.19,4.90,50.50,5.00,3.30,47.82,-0.26,47.88,0.84
18.90,-50.53,5.35,51.26,5.00,3.28,47.83,-0.30,47.88,0.85
18.91,-50.41,5.18,50.87,5.00,3.26,47.83,-0.33,47.88,0.85
18.92,-50.40,5.18,50.16,5.00,3.25,47.82,-0.33,47.88,0.89
18.93,-50.59,5.44,49.81,5.00,3.25,47.83,-0.36,47.88,0.91
18.94,-50.24,4.98,49.66,5.00,3.26,47.82,-0.28,47.88,0.78
18.95,-50.03,4.70,49.11,5.00,3.27,47.83,-0.29,47.89,0.81
18.96,-50.35,5.11,48.96,5.00,3.29,47.83,-0.35,47.88,0.90
18.97,-50.25,4.98,49.73,5.00,3.30,47.82,-0.33,47.88,0.79
18.98,-50.44,5.23,50.93,5.00,3.29,47.82,-0.33,47.88,0.79
18.99,-50.36,5.13,50.85,5.00,3.28,47.82,-0.29,47.88,0.81
19.00,-50.27,5.01,50.63,5.00,3.28,47.82,-0.29,47.88,0.80
19.01,-50.71,5.59,50.51,5.00,3.27,47.82,-0.31,47.89,0.81
19.02,-50.72,5.61,50.14,5.00,3.26,47.83,-0.34,47.88,0.83
19.03,-50.05,4.73,49.21,5.00,3.26,47.82,-0.30,47.88,0.96
19.04,-49.57,4.10,48.84,5.00,3.27,47.83,-0.28,47.88,0.79
19.05,-49.48,3.97,49.38,5.00,3.28,47.82,-0.26,47.89,0.84
19.06,-49.68,4.23,50.68,5.00,3.27,47.83,-0.29,47.88,0.92
19.07,-49.73,4.30,51.52,5.00,3.26,47.83,-0.31,47.88,0.92
19.08,-49.76,4.34,50.60,5.00,3.26,47.83,-0.28,47.89,0.92
19.09,-50.00,4.66,49.70,5.00,3.26,47.82,-0.30,47.88,0.91
19.10,-49.84,4.45,49.95,5.00,3.26,47.82,-0.26,47.89,0.78
19.11,-49.54,4.06,50.29,5.00,3.27,47.81,-0.27,47.88,0.79
19.12,-49.46,3.96,49.84,5.00,3.29,47.82,-0.32,47.88,0.85
19.13,-49.20,3.61,49.35,5.00,3.31,47.83,-0.28,47.88,0.88
19.14,-49.57,4.10,49.69,5.00,3.32,47.82,-0.27,47.88,0.82
19.15,-49.70,4.27,50.63,5.00,3.32,47.83,-0.27,47.89,0.76
19.16,-49.62,4.16,51.06,5.00,3.32,47.82,-0.27,47.88,0.76
19.17,-50.02,4.69,50.37,5.00,3.32,47.83,-0.33,47.89,0.87
19.18,-49.99,4.64,49.93,5.00,3.33,47.82,-0.32,47.87,0.86
19.19,-49.92,4.56,50.27,5.00,3.35,47.82,-0.24,47.88,0.89
19.20,-49.78,4.37,50.34,5.00,3.38,47.82,-0.29,47.88,0.96
19.21,-49.46,3.93,49.10,5.00,3.42,47.81,-0.30,47.88,0.80
19.22,-49.41,3.89,48.84,5.00,3.45,47.82,-0.27,47.88,0.89
19.23,-49.54,4.05,50.37,5.00,3.46,47.83,-0.29,47.88,0.88
19.24,-49.65,4.20,51.69,5.00,3.46,47.82,-0.23,47.88,0.92
19.25,-50.04,4.71,50.73,5.00,3.47,47.83,-0.27,47.89,0.97
19.26,-50.40,5.18,49.83,5.00,3.47,47.83,-0.32,47.88,0.87
19.27,-50.54,5.37,49.43,5.00,3.47,47.83,-0.33,47.88,0.72
19.28,-50.39,5.18,50.03,5.00,3.49,47.83,-0.33,47.87,0.87
19.29,-50.22,4.95,49.84,5.00,3.50,47.83,-0.29,47.88,0.92
19.30,-49.99,4.65,48.84,5.00,3.52,47.82,-0.30,47.89,0.78
19.31,-50.15,4.86,48.91,5.00,3.51,47.82,-0.34,47.88,0.90
19.32,-49.98,4.63,50.60,5.00,3.51,47.83,-0.32,47.89,0.86
19.33,-50.07,4.75,51.22,5.00,3.50,47.84,-0.28,47.88,0.93
19.34,-50.20,4.92,50.76,5.00,3.49,47.83,-0.30,47.88,0.94
19.35,-50.45,5.25,49.90,5.00,3.48,47.83,-0.27,47.88,0.86
19.36,-50.72,5.60,49.50,5.00,3.46,47.82,-0.30,47.88,0.81
19.37,-50.38,5.16,49.66,5.00,3.46,47.82,-0.34,47.88,0.81
19.38,-50.20,4.92,49.46,5.00,3.46,47.83,-0.31,47.88,0.85
19.39,-50.19,4.90,49.24,5.00,3.46,47.82,-0.33,47.89,0.79
19.40,-50.06,4.73,50.06,5.00,3.44,47.83,-0.30,47.88,0.75
19.41,-50.27,5.01,50.93,5.00,3.42,47.81,-0.31,47.88,0.82
19.42,-50.62,5.46,50.73,5.00,3.40,47.83,-0.39,47.89,0.85
19.43,-50.35,5.11,49.67,5.00,3.38,47.83,-0.32,47.88,0.88
19.44,-50.58,5.41,49.45,5.00,3.36,47.82,-0.26,47.88,0.89
19.45,-49.94,4.58,50.24,5.00,3.36,47.82,-0.27,47.89,0.80
19.46,-49.58,4.12,50.41,5.00,3.36,47.82,-0.27,47.88,0.75
19.47,-49.80,4.39,49.63,5.00,3.36,47.81,-0.34,47.88,0.91
19.48,-49.83,4.43,49.20,5.00,3.35,47.83,-0.32,47.88,0.89
19.49,-49.52,4.03,49.97,5.00,3.33,47.82,-0.25,47.89,0.78
19.50,-49.72,4.29,50.81,5.00,3.31,47.83,-0.27,47.88,0.78
19.51,-49.86,4.47,50.72,5.00,3.30,47.83,-0.29,47.88,0.79
19.52,-50.03,4.69,50.41,5.00,3.28,47.82,-0.32,47.88,0.80
19.53,-50.07,4.75,50.44,5.00,3.27,47.82,-0.32,47.89,0.81
19.54,-49.63,4.17,50.11,5.00,3.27,47.82,-0.26,47.88,0.87
19.55,-49.39,3.87,49.01,5.00,3.27,47.81,-0.26,47.88,0.88
19.56,-49.89,4.52,48.77,5.00,3.28,47.83,-0.32,47.89,0.76
19.57,-49.47,3.96,49.88,5.00,3.28,47.82,-0.29,47.88,0.87
19.58,-49.56,4.07,50.84,5.00,3.27,47.82,-0.28,47.87,0.94
19.59,-49.70,4.26,50.95,5.00,3.25,47.83,-0.26,47.88,0.92
19.60,-49.82,4.41,50.23,5.00,3.24,47.82,-0.26,47.88,0.90
19.61,-50.13,4.83,49.68,5.00,3.23,47.83,-0.31,47.88,0.84
19.62,-49.99,4.65,49.66,5.00,3.24,47.83,-0.31,47.89,0.78
19.63,-49.88,4.50,49.30,5.00,3.24,47.82,-0.27,47.87,0.88
19.64,-49.89,4.52,48.80,5.00,3.25,47.83,-0.31,47.89,0.80
19.65,-49.31,3.75,49.30,5.00,3.25,47.82,-0.26,47.89,0.77
19.66,-49.87,4.48,50.50,5.00,3.24,47.83,-0.32,47.87,0.94
19.67,-50.24,4.97,51.18,5.00,3.24,47.83,-0.32,47.88,0.88
19.68,-50.73,5.61,51.12,5.00,3.23,47.82,-0.28,47.88,0.88
19.69,-50.86,5.77,50.15,5.00,3.23,47.84,-0.31,47.88,0.97
19.70,-50.89,5.82,49.22,5.00,3.23,47.82,-0.30,47.87,0.83
19.71,-50.44,5.24,49.21,5.00,3.23,47.82,-0.31,47.88,0.77
19.72,-50.28,5.02,49.50,5.00,3.23,47.83,-0.37,47.87,0.89
19.73,-49.79,4.38,49.35,5.00,3.25,47.82,-0.30,47.89,0.77
19.74,-49.96,4.59,50.30,5.00,3.26,47.82,-0.28,47.89,0.80
19.75,-50.16,4.85,51.69,5.00,3.25,47.83,-0.30,47.88,0.79
19.76,-50.34,5.09,51.44,5.00,3.24,47.82,-0.32,47.86,0.82
19.77,-50.43,5.22,49.63,5.00,3.24,47.82,-0.36,47.88,0.84
19.78,-50.20,4.91,49.08,5.00,3.24,47.83,-0.33,47.89,0.83
19.79,-50.27,5.01,49.55,5.00,3.24,47.83,-0.25,47.88,0.84
19.80,-50.12,4.82,49.72,5.00,3.26,47.82,-0.30,47.89,0.78
19.81,-49.90,4.53,49.20,5.00,3.29,47.83,-0.31,47.88,0.83
19.82,-49.86,4.46,49.00,5.00,3.30,47.84,-0.29,47.88,0.87
19.83,-50.08,4.76,50.13,5.00,3.30,47.82,-0.31,47.89,0.76
19.84,-50.35,5.11,51.58,5.00,3.30,47.82,-0.26,47.89,0.76
19.85,-50.47,5.26,51.50,5.00,3.30,47.83,-0.30,47.88,0.88
19.86,-50.59,5.42,50.17,5.00,3.30,47.83,-0.35,47.89,0.86
19.87,-50.22,4.95,49.53,5.00,3.30,47.82,-0.32,47.88,0.73
19.88,-50.26,5.00,49.41,5.00,3.31,47.82,-0.31,47.87,0.88
19.89,-49.71,4.28,49.12,5.00,3.33,47.83,-0.27,47.89,0.86
19.90,-49.62,4.16,48.87,5.00,3.35,47.82,-0.28,47.88,0.78
19.91,-49.63,4.17,49.61,5.00,3.36,47.83,-0.32,47.88,0.90
19.92,-49.64,4.18,50.95,5.00,3.35,47.82,-0.32,47.89,0.86
19.93,-49.84,4.45,51.69,5.00,3.33,47.82,-0.25,47.88,0.92
19.94,-50.24,4.97,50.39,5.00,3.33,47.83,-0.31,47.88,0.93
19.95,-50.04,4.71,49.18,5.00,3.32,47.83,-0.26,47.89,0.85
19.96,-49.85,4.47,48.92,5.00,3.32,47.81,-0.29,47.89,0.82
19.97,-49.75,4.34,49.32,5.00,3.33,47.82,-0.32,47.87,0.90
19.98,-49.82,4.43,48.77,5.00,3.34,47.81,-0.28,47.89,0.74
19.99,-49.73,4.30,48.65,5.00,3.34,47.83,-0.29,47.88,0.87
20.00,-49.68,4.23,49.85,5.00,3.33,47.83,-0.27,47.88,0.84
20.01,-49.81,4.40,51.52,5.00,3.33,47.83,-0.29,47.88,0.89
20.02,-49.82,4.42,51.97,5.00,3.30,47.82,-0.33,47.88,0.92
20.03,-49.97,4.62,50.82,5.00,3.30,47.83,-0.31,47.87,0.91
20.04,-50.51,5.34,49.29,5.00,3.29,47.82,-0.27,47.88,0.85
20.05,-50.15,4.86,48.88,5.00,3.29,47.83,-0.28,47.88,0.77
20.06,-50.01,4.68,48.93,5.00,3.30,47.83,-0.29,47.87,0.84
20.07,-50.14,4.84,48.93,5.00,3.32,47.83,-0.36,47.88,0.75
20.08,-49.85,4.45,49.83,5.00,3.32,47.83,-0.32,47.89,0.84
20.09,-50.37,5.14,50.86,5.00,3.32,47.82,-0.27,47.89,0.89
20.10,-50.55,5.38,51.35,5.00,3.31,47.82,-0.31,47.87,0.91
20.11,-50.52,5.34,50.39,5.00,3.30,47.83,-0.32,47.88,0.89
20.12,-50.65,5.50,49.73,5.00,3.27,47.83,-0.34,47.88,0.93
20.13,-50.69,5.57,49.75,5.00,3.26,47.82,-0.36,47.88,0.79
20.14,-50.23,4.97,50.15,5.00,3.27,47.83,-0.28,47.88,0.72
20.15,-50.07,4.76,50.02,5.00,3.28,47.82,-0.29,47.88,0.89
20.16,-50.12,4.82,49.33,5.00,3.27,47.83,-0.35,47.89,0.92
20.17,-49.93,4.57,50.18,5.00,3.27,47.82,-0.34,47.89,0.79
20.18,-50.25,4.99,51.19,5.00,3.26,47.82,-0.32,47.88,0.87
20.19,-50.33,5.09,51.20,5.00,3.21,47.82,-0.29,47.88,0.90
20.20,-50.52,5.35,50.27,5.00,3.20,47.82,-0.28,47.89,0.83
20.21,-50.35,5.12,50.02,5.00,3.20,47.83,-0.31,47.88,0.80
20.22,-50.45,5.25,49.82,5.00,3.21,47.83,-0.32,47.88,0.80
20.23,-50.17,4.90,49.49,5.00,3.23,47.82,-0.31,47.88,0.93
20.24,-50.01,4.68,49.28,5.00,3.24,47.82,-0.32,47.88,0.80
20.25,-49.93,4.57,49.88,5.00,3.24,47.82,-0.29,47.89,0.76
20.26,-50.02,4.68,50.89,5.00,3.23,47.82,-0.31,47.88,0.87
20.27,-50.12,4.81,51.05,5.00,3.23,47.83,-0.34,47.87,0.85
20.28,-49.99,4.64,50.13,5.00,3.23,47.82,-0.29,47.88,0.84
20.29,-49.99,4.64,49.53,5.00,3.24,47.83,-0.30,47.88,0.95
20.30,-49.72,4.30,50.06,5.00,3.25,47.83,-0.25,47.89,0.81
20.31,-49.63,4.18,50.41,5.00,3.28,47.81,-0.26,47.89,0.78
20.32,-49.66,4.22,49.58,5.00,3.30,47.83,-0.34,47.88,0.83
20.33,-49.44,4.37,49.06,4.97,3.30,47.84,-0.32,47.88,0.86
20.34,-49.39,4.30,49.33,4.97,3.32,47.83,-0.27,47.88,0.78
20.35,-49.29,4.18,50.17,4.97,3.33,47.82,-0.27,47.89,0.79
20.36,-49.07,3.89,50.65,4.97,3.35,47.83,-0.26,47.89,0.77
20.37,-49.34,4.24,49.79,4.97,3.37,47.82,-0.29,47.88,0.92
20.38,-49.36,4.27,49.14,4.97,3.38,47.82,-0.25,47.88,0.85
20.39,-49.37,4.29,49.59,4.97,3.40,47.82,-0.27,47.88,0.76
20.40,-49.23,4.09,49.70,4.97,3.40,47.82,-0.31,47.88,0.83
20.41,-49.26,4.13,48.89,4.97,3.42,47.82,-0.27,47.88,0.84
20.42,-49.37,4.28,48.74,4.97,3.44,47.82,-0.27,47.87,0.81
20.43,-49.81,4.84,49.90,4.93,3.45,47.83,-0.26,47.88,0.88
20.44,-49.71,5.15,51.06,4.93,3.45,47.83,-0.28,47.88,0.89
20.45,-49.82,5.29,49.60,4.93,3.45,47.83,-0.30,47.87,0.90
20.46,-49.28,4.58,48.44,4.93,3.45,47.82,-0.30,47.88,0.76
20.47,-49.75,5.20,48.58,4.93,3.45,47.83,-0.29,47.89,0.86
20.48,-49.25,4.55,49.83,4.93,3.45,47.82,-0.25,47.88,0.75
20.49,-49.18,4.45,50.10,4.93,3.47,47.82,-0.30,47.88,0.74
20.50,-49.64,5.06,48.61,4.93,3.47,47.84,-0.32,47.88,0.95
20.51,-49.35,4.68,48.37,4.93,3.46,47.83,-0.30,47.88,0.73
20.52,-49.25,4.55,49.33,4.93,3.45,47.83,-0.30,47.89,0.86
20.53,-49.50,4.86,50.44,4.93,3.45,47.83,-0.28,47.89,0.89
20.54,-49.19,4.90,49.98,4.90,3.44,47.83,-0.27,47.88,0.82
20.55,-49.54,5.35,48.61,4.90,3.42,47.83,-0.34,47.88,0.80
20.56,-49.40,5.18,48.18,4.90,3.42,47.81,-0.26,47.88,0.85
20.57,-48.59,4.12,48.63,4.90,3.42,47.82,-0.27,47.87,0.77
20.58,-48.92,4.54,48.60,4.90,3.42,47.83,-0.30,47.87,0.85
20.59,-48.46,3.94,48.47,4.90,3.42,47.82,-0.27,47.88,0.72
20.60,-48.30,3.73,48.77,4.90,3.40,47.83,-0.29,47.89,0.89
20.61,-48.28,3.70,49.44,4.90,3.38,47.82,-0.24,47.89,0.77
20.62,-48.31,3.74,49.89,4.90,3.35,47.82,-0.27,47.88,0.76
20.63,-48.73,4.29,48.97,4.90,3.33,47.83,-0.28,47.87,0.92
20.64,-48.26,4.12,48.57,4.87,3.33,47.82,-0.24,47.89,0.72
20.65,-48.81,4.84,48.23,4.87,3.31,47.82,-0.28,47.87,0.91
20.66,-48.56,4.51,48.31,4.87,3.31,47.83,-0.26,47.89,0.74
20.67,-48.11,3.92,47.90,4.87,3.31,47.82,-0.25,47.87,0.87
20.68,-48.29,4.15,47.51,4.87,3.30,47.82,-0.28,47.88,0.80
20.69,-48.33,4.20,48.15,4.87,3.29,47.82,-0.27,47.88,0.71
20.70,-48.86,4.88,49.59,4.87,3.28,47.82,-0.29,47.87,0.79
20.71,-48.84,4.85,49.81,4.87,3.28,47.83,-0.29,47.88,0.86
20.72,-49.14,5.25,48.46,4.87,3.26,47.82,-0.29,47.89,0.81
20.73,-49.03,5.10,47.93,4.87,3.24,47.83,-0.33,47.88,0.86
20.74,-48.30,4.59,48.27,4.83,3.23,47.82,-0.24,47.88,0.70
20.75,-48.27,4.55,48.24,4.83,3.23,47.82,-0.29,47.89,0.85
20.76,-47.81,3.94,47.80,4.83,3.24,47.81,-0.24,47.88,0.71
20.77,-48.01,4.19,47.86,4.83,3.23,47.83,-0.29,47.89,0.76
20.78,-47.99,4.17,48.52,4.83,3.22,47.82,-0.26,47.88,0.80
20.79,-48.06,4.25,49.07,4.83,3.22,47.83,-0.23,47.88,0.82
20.80,-48.10,4.31,48.37,4.83,3.21,47.82,-0.31,47.89,0.75
20.81,-47.94,4.09,47.81,4.83,3.19,47.82,-0.20,47.89,0.74
20.82,-47.99,4.17,47.87,4.83,3.18,47.82,-0.28,47.88,0.86
20.83,-47.81,3.93,48.32,4.83,3.18,47.81,-0.20,47.89,0.69
20.84,-47.99,4.61,48.19,4.80,3.19,47.83,-0.31,47.88,0.87
20.85,-47.76,4.30,47.14,4.80,3.19,47.82,-0.28,47.88,0.76
20.86,-48.00,4.60,46.96,4.80,3.18,47.82,-0.26,47.89,0.75
20.87,-48.09,4.72,47.98,4.80,3.18,47.83,-0.29,47.88,0.80
20.88,-48.10,4.73,49.01,4.80,3.16,47.82,-0.25,47.89,0.75
20.89,-48.52,5.28,48.57,4.80,3.15,47.82,-0.30,47.88,0.87
20.90,-48.13,4.77,47.89,4.80,3.13,47.82,-0.29,47.89,0.70
20.91,-48.40,5.12,47.38,4.80,3.13,47.82,-0.25,47.88,0.79
20.92,-48.02,4.63,47.53,4.80,3.13,47.83,-0.27,47.88,0.82
20.93,-47.81,4.34,47.51,4.80,3.15,47.83,-0.26,47.88,0.77
20.94,-47.33,4.14,47.50,4.77,3.16,47.83,-0.25,47.89,0.74
20.95,-46.85,3.52,47.44,4.77,3.16,47.82,-0.24,47.88,0.88
20.96,-47.50,4.37,48.40,4.77,3.15,47.82,-0.27,47.89,0.74
20.97,-47.57,4.46,48.72,4.77,3.13,47.83,-0.22,47.89,0.83
20.98,-48.06,5.09,47.83,4.77,3.13,47.82,-0.33,47.87,0.76
20.99,-47.84,4.81,47.25,4.77,3.13,47.82,-0.25,47.89,0.67
21.00,-48.02,5.05,47.02,4.77,3.16,47.82,-0.26,47.89,0.85
21.01,-47.86,4.84,47.01,4.77,3.17,47.82,-0.28,47.88,0.78
21.02,-47.69,4.61,46.75,4.77,3.18,47.82,-0.27,47.88,0.79
21.03,-47.37,4.18,46.07,4.77,3.18,47.83,-0.25,47.88,0.73
21.04,-47.46,4.30,46.49,4.77,3.18,47.82,-0.27,47.88,0.79
21.05,-47.15,4.33,48.19,4.73,3.18,47.83,-0.28,47.88,0.73
21.06,-47.34,4.57,49.24,4.73,3.17,47.82,-0.23,47.89,0.73
21.07,-47.30,4.52,48.11,4.73,3.16,47.83,-0.26,47.88,0.81
21.08,-46.85,3.93,46.48,4.73,3.16,47.82,-0.25,47.88,0.81
21.09,-46.67,3.71,45.86,4.73,3.17,47.82,-0.22,47.87,0.79
21.10,-46.50,3.47,46.75,4.73,3.17,47.83,-0.19,47.88,0.72
21.11,-47.01,4.13,46.92,4.73,3.18,47.82,-0.24,47.89,0.69
21.12,-47.12,4.27,46.78,4.73,3.19,47.82,-0.27,47.90,0.67
21.13,-47.27,4.46,46.53,4.73,3.19,47.82,-0.29,47.88,0.76
21.14,-47.28,4.48,47.36,4.73,3.18,47.83,-0.25,47.89,0.82
21.15,-46.95,4.48,48.08,4.70,3.17,47.81,-0.22,47.89,0.78
21.16,-47.18,4.78,47.78,4.70,3.17,47.83,-0.27,47.88,0.77
21.17,-47.01,4.56,46.48,4.70,3.16,47.83,-0.27,47.88,0.81
21.18,-46.78,4.26,46.12,4.70,3.16,47.83,-0.25,47.88,0.80
21.19,-46.50,3.89,46.38,4.70,3.15,47.82,-0.20,47.88,0.80
21.20,-46.52,3.92,46.63,4.70,3.14,47.83,-0.23,47.89,0.75
21.21,-46.28,3.60,45.96,4.70,3.13,47.81,-0.22,47.88,0.77
21.22,-46.24,3.54,45.70,4.70,3.11,47.82,-0.25,47.88,0.78
21.23,-46.18,3.46,46.85,4.70,3.09,47.82,-0.24,47.89,0.71
21.24,-46.77,4.22,48.24,4.70,3.08,47.83,-0.27,47.89,0.73
21.25,-46.54,4.36,48.25,4.67,3.07,47.82,-0.22,47.88,0.77
21.26,-47.04,5.00,46.88,4.67,3.07,47.82,-0.25,47.89,0.72
21.27,-47.12,5.11,45.70,4.67,3.06,47.82,-0.27,47.89,0.68
21.28,-46.80,4.69,45.49,4.67,3.07,47.83,-0.26,47.89,0.67
21.29,-46.43,4.21,46.02,4.67,3.09,47.82,-0.24,47.90,0.66
21.30,-46.19,3.89,45.93,4.67,3.08,47.82,-0.26,47.90,0.71
21.31,-45.94,3.56,46.06,4.67,3.07,47.82,-0.26,47.89,0.65
21.32,-46.63,4.46,46.13,4.67,3.05,47.83,-0.27,47.88,0.70
21.33,-46.24,3.95,47.14,4.67,3.04,47.84,-0.22,47.89,0.68
21.34,-46.74,4.60,47.42,4.67,3.04,47.81,-0.23,47.88,0.84
21.35,-46.75,5.04,47.08,4.63,3.03,47.82,-0.24,47.88,0.76
21.36,-46.57,4.81,46.12,4.63,3.01,47.82,-0.22,47.89,0.79
21.37,-46.65,4.91,45.48,4.63,3.01,47.83,-0.25,47.88,0.71
21.38,-46.29,4.45,45.55,4.63,3.02,47.82,-0.23,47.87,0.78
21.39,-46.22,4.34,45.66,4.63,3.02,47.83,-0.26,47.88,0.74
21.40,-45.87,3.88,45.63,4.63,3.01,47.83,-0.23,47.88,0.81
21.41,-45.45,3.33,46.46,4.63,3.01,47.82,-0.24,47.89,0.78
21.42,-45.80,3.78,47.09,4.63,3.00,47.83,-0.23,47.89,0.77
21.43,-46.02,4.06,47.52,4.63,2.99,47.82,-0.25,47.89,0.70
21.44,-46.47,4.65,46.35,4.63,2.98,47.82,-0.26,47.89,0.72
21.45,-46.61,5.28,45.82,4.60,2.97,47.84,-0.28,47.88,0.72
21.46,-46.59,5.25,45.56,4.60,2.98,47.83,-0.28,47.88,0.71
21.47,-46.63,5.30,45.41,4.60,2.99,47.83,-0.29,47.89,0.69
21.48,-46.00,4.48,45.09,4.60,2.98,47.83,-0.27,47.89,0.70
21.49,-45.87,4.29,45.35,4.60,2.98,47.82,-0.27,47.89,0.67
21.50,-45.53,3.84,45.70,4.60,2.98,47.83,-0.24,47.88,0.75
21.51,-45.43,3.71,46.58,4.60,2.97,47.82,-0.25,47.88,0.69
21.52,-45.65,4.00,46.52,4.60,2.97,47.82,-0.23,47.88,0.71
21.53,-45.85,4.26,46.56,4.60,2.98,47.82,-0.26,47.88,0.69
21.54,-45.99,4.45,45.63,4.60,2.98,47.83,-0.26,47.89,0.72
21.55,-46.11,4.96,45.91,4.57,3.00,47.82,-0.24,47.89,0.67
21.56,-45.89,4.75,45.92,4.57,3.03,47.83,-0.24,47.88,0.71
21.57,-46.08,4.99,45.54,4.57,3.03,47.82,-0.25,47.89,0.66
21.58,-45.38,4.08,44.62,4.57,3.06,47.83,-0.21,47.89,0.72
21.59,-45.06,3.65,44.77,4.57,3.09,47.82,-0.21,47.89,0.76
21.60,-45.17,3.78,45.80,4.57,3.10,47.82,-0.20,47.88,0.80
21.61,-45.42,4.11,46.67,4.57,3.11,47.82,-0.21,47.88,0.74
21.62,-45.70,4.48,46.35,4.57,3.13,47.82,-0.23,47.89,0.75
21.63,-45.65,4.41,45.58,4.57,3.15,47.83,-0.22,47.89,0.73
21.64,-45.96,4.81,44.65,4.57,3.18,47.83,-0.26,47.89,0.80
21.65,-45.86,4.69,45.27,4.57,3.20,47.82,-0.24,47.89,0.65
21.66,-45.19,4.25,45.82,4.53,3.20,47.84,-0.25,47.88,0.79
21.67,-45.24,4.30,45.32,4.53,3.22,47.83,-0.24,47.89,0.68
21.68,-44.95,3.92,44.12,4.53,3.22,47.82,-0.24,47.88,0.62
21.69,-44.52,3.34,44.22,4.53,3.23,47.82,-0.20,47.88,0.70
21.70,-45.04,4.02,45.27,4.53,3.23,47.82,-0.21,47.88,0.77
21.71,-45.02,3.99,46.17,4.53,3.24,47.81,-0.22,47.88,0.76
21.72,-45.56,4.70,45.82,4.53,3.24,47.83,-0.27,47.88,0.76
21.73,-45.32,4.39,44.63,4.53,3.24,47.82,-0.26,47.88,0.70
21.74,-45.40,4.49,44.05,4.53,3.24,47.82,-0.26,47.89,0.61
21.75,-45.23,4.27,44.87,4.53,3.23,47.81,-0.18,47.89,0.72
21.76,-44.48,3.72,45.59,4.50,3.23,47.82,-0.20,47.88,0.73
21.77,-44.53,3.78,44.75,4.50,3.21,47.83,-0.23,47.88,0.76
21.78,-44.37,3.57,44.02,4.50,3.19,47.82,-0.24,47.88,0.63
21.79,-44.26,3.41,44.60,4.50,3.18,47.81,-0.19,47.88,0.73
21.80,-44.65,3.92,45.68,4.50,3.18,47.83,-0.17,47.88,0.70
21.81,-45.14,4.56,45.25,4.50,3.17,47.83,-0.23,47.87,0.78
21.82,-45.05,4.44,44.62,4.50,3.17,47.84,-0.26,47.88,0.72
21.83,-45.08,4.48,44.41,4.50,3.15,47.83,-0.26,47.88,0.66
21.84,-44.71,3.99,44.48,4.50,3.14,47.82,-0.19,47.88,0.65
21.85,-44.54,3.77,44.96,4.50,3.12,47.81,-0.19,47.88,0.75
21.86,-43.77,3.20,45.08,4.47,3.10,47.82,-0.19,47.88,0.75
21.87,-44.08,3.59,44.16,4.47,3.08,47.83,-0.24,47.88,0.65
21.88,-44.35,3.94,43.35,4.47,3.08,47.81,-0.20,47.88,0.71
21.89,-44.60,4.27,44.01,4.47,3.07,47.84,-0.23,47.89,0.66
21.90,-44.52,4.16,44.85,4.47,3.06,47.83,-0.23,47.89,0.67
21.91,-44.71,4.40,45.40,4.47,3.04,47.82,-0.22,47.89,0.65
21.92,-44.58,4.23,44.53,4.47,3.03,47.82,-0.19,47.89,0.76
21.93,-44.29,3.84,44.27,4.47,3.02,47.83,-0.22,47.89,0.70
21.94,-44.53,4.16,44.43,4.47,3.01,47.82,-0.24,47.89,0.61
21.95,-44.30,3.85,44.54,4.47,3.00,47.82,-0.18,47.88,0.67
21.96,-44.51,4.57,44.30,4.43,3.00,47.84,-0.25,47.87,0.74
21.97,-44.23,4.19,43.86,4.43,2.99,47.82,-0.25,47.89,0.60
21.98,-44.54,4.60,43.63,4.43,2.97,47.82,-0.23,47.88,0.70
21.99,-44.22,4.17,44.01,4.43,2.96,47.83,-0.22,47.89,0.68
22.00,-44.30,4.27,44.50,4.43,2.95,47.82,-0.23,47.89,0.61
22.01,-44.09,3.99,44.47,4.43,2.93,47.82,-0.17,47.88,0.72
22.02,-44.35,4.34,44.21,4.43,2.93,47.84,-0.24,47.87,0.72
22.03,-44.48,4.50,43.79,4.43,2.92,47.83,-0.24,47.90,0.62
22.04,-44.29,4.25,44.38,4.43,2.92,47.82,-0.18,47.88,0.66
22.05,-44.44,4.44,44.47,4.43,2.92,47.83,-0.25,47.88,0.74
22.06,-43.92,4.20,43.92,4.40,2.93,47.83,-0.22,47.89,0.60
22.07,-43.81,4.04,43.36,4.40,2.93,47.81,-0.23,47.88,0.72
22.08,-43.70,3.90,43.38,4.40,2.93,47.82,-0.22,47.88,0.64
22.09,-43.73,3.94,44.13,4.40,2.93,47.82,-0.19,47.88,0.66
22.10,-44.14,4.46,44.08,4.40,2.92,47.83,-0.23,47.87,0.73
22.11,-43.83,4.05,43.75,4.40,2.92,47.83,-0.20,47.89,0.62
22.12,-44.09,4.39,43.39,4.40,2.92,47.82,-0.22,47.87,0.72
22.13,-43.90,4.14,43.10,4.40,2.91,47.82,-0.22,47.87,0.58
22.14,-43.68,3.85,43.55,4.40,2.91,47.83,-0.18,47.88,0.72
22.15,-43.55,3.68,43.35,4.40,2.90,47.83,-0.22,47.89,0.64
22.16,-43.75,3.94,43.15,4.37,2.89,47.83,-0.23,47.88,0.70
22.17,-43.45,3.98,43.50,4.37,2.88,47.82,-0.25,47.89,0.59
22.18,-43.50,4.04,44.09,4.37,2.87,47.82,-0.20,47.89,0.71
22.19,-43.98,4.66,44.12,4.37,2.87,47.84,-0.25,47.89,0.65
22.20,-43.00,3.38,43.26,4.37,2.87,47.82,-0.16,47.88,0.65
22.21,-43.05,3.44,43.24,4.37,2.86,47.82,-0.20,47.88,0.64
22.22,-43.51,4.04,43.29,4.37,2.86,47.81,-0.17,47.88,0.70
22.23,-43.79,4.41,43.48,4.37,2.87,47.83,-0.21,47.88,0.60
22.24,-43.73,4.33,43.54,4.37,2.87,47.82,-0.22,47.89,0.66
22.25,-43.57,4.11,43.46,4.37,2.87,47.82,-0.20,47.89,0.65
22.26,-43.70,4.27,43.20,4.37,2.86,47.83,-0.25,47.88,0.66
22.27,-42.76,3.47,42.89,4.33,2.86,47.82,-0.20,47.89,0.65
22.28,-43.10,3.92,43.49,4.33,2.86,47.82,-0.21,47.88,0.67
22.29,-43.24,4.09,43.97,4.33,2.85,47.82,-0.21,47.89,0.64
22.30,-43.28,4.14,43.77,4.33,2.85,47.82,-0.19,47.90,0.60
22.31,-43.40,4.31,43.15,4.33,2.85,47.83,-0.25,47.88,0.69
22.32,-43.24,4.10,42.79,4.33,2.86,47.82,-0.17,47.90,0.66
22.33,-43.19,4.03,42.64,4.33,2.88,47.84,-0.22,47.89,0.60
22.34,-42.70,3.38,42.82,4.33,2.90,47.83,-0.15,47.88,0.72
22.35,-42.99,3.75,42.62,4.33,2.90,47.81,-0.21,47.88,0.63
22.36,-42.87,3.60,42.37,4.33,2.91,47.83,-0.22,47.88,0.58
22.37,-42.43,3.44,42.69,4.30,2.92,47.83,-0.19,47.88,0.70
22.38,-43.26,4.53,43.47,4.30,2.93,47.83,-0.24,47.89,0.57
22.39,-42.62,3.69,43.83,4.30,2.93,47.82,-0.16,47.88,0.75
22.40,-42.48,3.50,43.85,4.30,2.93,47.83,-0.20,47.89,0.59
22.41,-42.57,3.62,42.68,4.30,2.92,47.83,-0.19,47.88,0.72
22.42,-42.68,3.77,42.05,4.30,2.92,47.81,-0.19,47.88,0.61
22.43,-42.64,3.71,42.62,4.30,2.92,47.82,-0.20,47.89,0.60
22.44,-43.09,4.29,42.93,4.30,2.92,47.81,-0.16,47.87,0.72
22.45,-42.60,3.65,42.47,4.30,2.92,47.83,-0.21,47.89,0.58
22.46,-42.39,3.37,42.17,4.30,2.93,47.83,-0.21,47.90,0.60
22.47,-41.86,3.12,41.94,4.27,2.93,47.82,-0.16,47.89,0.66
22.48,-42.42,3.84,42.38,4.27,2.94,47.82,-0.21,47.89,0.66
22.49,-42.56,4.01,43.59,4.27,2.94,47.83,-0.20,47.88,0.60
22.50,-42.40,3.81,43.68,4.27,2.94,47.82,-0.16,47.89,0.66
22.51,-42.52,3.96,42.16,4.27,2.94,47.83,-0.25,47.90,0.58
22.52,-42.40,3.80,41.27,4.27,2.93,47.83,-0.18,47.89,0.61
22.53,-42.46,3.89,41.16,4.27,2.92,47.82,-0.17,47.88,0.59
22.54,-42.52,3.96,41.96,4.27,2.92,47.83,-0.21,47.88,0.70
22.55,-42.24,3.59,42.30,4.27,2.91,47.81,-0.17,47.89,0.62
22.56,-42.47,3.89,42.15,4.27,2.91,47.84,-0.20,47.89,0.58
22.57,-42.02,3.72,42.25,4.23,2.90,47.83,-0.19,47.88,0.63
22.58,-41.69,3.29,42.22,4.23,2.90,47.83,-0.19,47.89,0.65
22.59,-42.24,4.01,42.26,4.23,2.90,47.83,-0.20,47.89,0.59
22.60,-41.95,3.63,42.32,4.23,2.90,47.83,-0.15,47.88,0.58
22.61,-42.44,4.25,42.43,4.23,2.90,47.83,-0.22,47.87,0.67
22.62,-42.05,3.74,41.78,4.23,2.89,47.83,-0.20,47.88,0.67
22.63,-41.56,3.10,41.76,4.23,2.88,47.82,-0.14,47.89,0.56
22.64,-42.08,3.78,41.93,4.23,2.84,47.83,-0.17,47.89,0.57
22.65,-41.80,3.41,42.01,4.23,2.82,47.82,-0.19,47.89,0.68
22.66,-42.07,3.76,41.37,4.23,2.82,47.83,-0.22,47.88,0.64
22.67,-42.32,4.52,41.29,4.20,2.81,47.83,-0.24,47.88,0.66
22.68,-41.90,3.97,41.51,4.20,2.79,47.82,-0.17,47.88,0.67
22.69,-41.95,4.02,42.13,4.20,2.78,47.82,-0.20,47.90,0.53
22.70,-42.06,4.17,42.64,4.20,2.76,47.83,-0.22,47.88,0.60
22.71,-42.01,4.10,42.89,4.20,2.75,47.82,-0.20,47.88,0.66
22.72,-42.52,4.77,42.16,4.20,2.74,47.83,-0.19,47.90,0.56
22.73,-42.47,4.70,41.58,4.20,2.72,47.83,-0.17,47.89,0.60
22.74,-41.68,3.67,41.45,4.20,2.72,47.83,-0.19,47.88,0.61
22.75,-41.94,4.00,41.50,4.20,2.72,47.83,-0.22,47.88,0.65
22.76,-41.55,3.50,41.39,4.20,2.72,47.83,-0.20,47.88,0.70
22.77,-41.86,3.89,41.72,4.17,2.71,47.82,-0.19,47.89,0.62
22.78,-41.99,4.49,41.44,4.17,2.70,47.83,-0.20,47.90,0.56
22.79,-41.46,3.80,41.87,4.17,2.69,47.82,-0.15,47.89,0.56
22.80,-41.63,4.02,42.49,4.17,2.68,47.83,-0.17,47.90,0.63
22.81,-41.38,3.69,41.81,4.17,2.68,47.82,-0.18,47.88,0.66
22.82,-41.25,3.52,41.43,4.17,2.67,47.81,-0.19,47.89,0.67
22.83,-41.46,3.79,41.45,4.17,2.67,47.82,-0.20,47.88,0.57
22.84,-41.40,3.71,41.31,4.17,2.67,47.82,-0.16,47.90,0.54
22.85,-40.97,3.14,41.64,4.17,2.67,47.82,-0.14,47.88,0.55
22.86,-41.33,3.61,41.15,4.17,2.67,47.83,-0.18,47.89,0.55
22.87,-41.24,3.49,40.77,4.17,2.67,47.82,-0.16,47.89,0.58
22.88,-40.97,3.55,41.18,4.13,2.68,47.82,-0.17,47.90,0.57
22.89,-41.25,3.92,41.43,4.13,2.68,47.83,-0.19,47.88,0.62
22.90,-40.91,3.48,41.58,4.13,2.69,47.83,-0.16,47.90,0.67
22.91,-41.20,3.85,41.22,4.13,2.70,47.82,-0.19,47.87,0.64
22.92,-41.47,4.20,40.55,4.13,2.72,47.82,-0.24,47.88,0.65
22.93,-41.40,4.10,40.53,4.13,2.73,47.83,-0.20,47.89,0.67
22.94,-41.23,3.88,41.39,4.13,2.73,47.82,-0.17,47.88,0.60
22.95,-41.29,3.96,41.78,4.13,2.74,47.82,-0.20,47.88,0.59
22.96,-40.80,3.31,41.32,4.13,2.74,47.83,-0.18,47.88,0.60
22.97,-40.87,3.40,40.94,4.13,2.75,47.82,-0.18,47.88,0.53
22.98,-40.64,3.53,40.57,4.10,2.75,47.82,-0.19,47.88,0.56
22.99,-40.64,3.52,40.51,4.10,2.77,47.82,-0.19,47.89,0.60
23.00,-40.41,3.22,40.90,4.10,2.79,47.82,-0.17,47.89,0.55
23.01,-40.67,3.56,41.24,4.10,2.81,47.83,-0.17,47.88,0.53
23.02,-40.80,3.73,40.81,4.10,2.83,47.83,-0.19,47.89,0.57
23.03,-41.24,4.29,40.46,4.10,2.83,47.82,-0.19,47.88,0.54
23.04,-40.85,3.78,40.41,4.10,2.84,47.83,-0.17,47.88,0.56
23.05,-40.53,3.37,41.17,4.10,2.84,47.82,-0.15,47.89,0.60
23.06,-40.72,3.61,41.63,4.10,2.85,47.83,-0.18,47.89,0.52
23.07,-40.90,3.85,40.54,4.10,2.86,47.83,-0.22,47.89,0.51
23.08,-40.45,3.68,39.51,4.07,2.87,47.83,-0.18,47.88,0.62
23.09,-40.12,3.24,39.36,4.07,2.88,47.82,-0.19,47.89,0.60
23.10,-40.42,3.64,40.47,4.07,2.89,47.83,-0.20,47.88,0.59
23.11,-40.48,3.71,41.49,4.07,2.89,47.82,-0.18,47.88,0.65
23.12,-40.66,3.94,41.54,4.07,2.89,47.82,-0.19,47.89,0.62
23.13,-40.98,4.35,40.29,4.07,2.89,47.83,-0.19,47.88,0.65
23.14,-40.01,3.08,39.16,4.07,2.88,47.82,-0.12,47.89,0.64
23.15,-40.17,3.29,40.00,4.07,2.88,47.83,-0.13,47.89,0.49
23.16,-40.60,3.85,41.02,4.07,2.89,47.84,-0.15,47.89,0.51
23.17,-40.47,3.67,41.46,4.07,2.89,47.82,-0.14,47.89,0.55
23.18,-40.16,3.70,40.93,4.03,2.88,47.82,-0.17,47.89,0.52
23.19,-40.19,3.74,39.26,4.03,2.88,47.83,-0.20,47.89,0.51
23.20,-40.05,3.55,39.00,4.03,2.88,47.83,-0.19,47.89,0.59
23.21,-39.84,3.28,40.30,4.03,2.88,47.82,-0.16,47.89,0.63
23.22,-40.66,4.34,41.11,4.03,2.88,47.84,-0.18,47.88,0.63
23.23,-40.53,4.16,40.65,4.03,2.88,47.83,-0.17,47.88,0.65
23.24,-40.31,3.88,39.84,4.03,2.87,47.82,-0.14,47.88,0.61
23.25,-40.22,3.76,39.84,4.03,2.86,47.83,-0.13,47.90,0.51
23.26,-40.36,3.95,39.97,4.03,2.84,47.82,-0.17,47.88,0.49
23.27,-39.91,3.34,40.43,4.03,2.83,47.83,-0.16,47.89,0.52
23.28,-39.68,3.48,40.37,4.00,2.83,47.82,-0.18,47.89,0.53
23.29,-39.80,3.63,39.45,4.00,2.82,47.83,-0.19,47.89,0.61
23.30,-39.67,3.46,38.66,4.00,2.81,47.82,-0.15,47.88,0.57
23.31,-39.77,3.58,38.93,4.00,2.79,47.82,-0.15,47.88,0.51
23.32,-39.75,3.56,40.00,4.00,2.78,47.83,-0.17,47.89,0.58
23.33,-39.76,3.56,40.33,4.00,2.77,47.82,-0.18,47.88,0.65
23.34,-39.91,3.76,39.84,4.00,2.76,47.82,-0.15,47.89,0.62
23.35,-40.25,4.20,39.55,4.00,2.74,47.83,-0.15,47.89,0.49
23.36,-40.19,4.12,39.46,4.00,2.74,47.82,-0.15,47.89,0.52
23.37,-39.68,3.46,39.88,4.00,2.72,47.82,-0.15,47.89,0.61
23.38,-39.72,3.51,40.34,3.97,2.71,47.84,-0.15,47.88,0.59
23.39,-39.85,4.10,40.15,3.97,2.70,47.83,-0.19,47.89,0.60
23.40,-39.72,3.93,39.19,3.97,2.69,47.82,-0.16,47.89,0.50
23.41,-39.15,3.17,38.57,3.97,2.68,47.82,-0.16,47.89,0.58
23.42,-39.45,3.56,38.58,3.97,2.67,47.83,-0.17,47.89,0.51
23.43,-39.81,4.03,39.11,3.97,2.67,47.83,-0.15,47.90,0.49
23.44,-39.65,3.81,40.39,3.97,2.67,47.82,-0.16,47.88,0.60
23.45,-39.33,3.39,40.07,3.97,2.67,47.82,-0.16,47.89,0.58
23.46,-39.72,3.89,39.71,3.97,2.66,47.82,-0.19,47.87,0.59
23.47,-39.84,4.05,39.21,3.97,2.64,47.83,-0.12,47.88,0.49
23.48,-39.69,3.86,39.71,3.97,2.64,47.82,-0.15,47.88,0.57
23.49,-39.26,3.74,39.50,3.93,2.64,47.83,-0.18,47.89,0.57
23.50,-38.98,3.36,38.81,3.93,2.64,47.82,-0.15,47.89,0.52
23.51,-38.77,3.08,38.40,3.93,2.64,47.83,-0.15,47.88,0.57
23.52,-38.72,3.01,38.82,3.93,2.63,47.83,-0.17,47.89,0.52
23.53,-39.09,3.49,39.38,3.93,2.63,47.83,-0.16,47.88,0.47
23.54,-38.83,3.15,39.78,3.93,2.63,47.83,-0.15,47.88,0.56
23.55,-39.15,3.56,39.67,3.93,2.63,47.83,-0.16,47.88,0.62
23.56,-39.26,3.71,39.31,3.93,2.62,47.83,-0.14,47.88,0.52
23.57,-39.63,4.18,38.50,3.93,2.61,47.82,-0.17,47.89,0.52
23.58,-38.87,3.19,38.71,3.93,2.59,47.84,-0.16,47.88,0.62
23.59,-38.64,3.32,38.90,3.90,2.59,47.82,-0.12,47.89,0.45
23.60,-38.93,3.69,38.98,3.90,2.59,47.82,-0.17,47.88,0.54
23.61,-39.13,3.95,38.53,3.90,2.58,47.82,-0.16,47.89,0.53
23.62,-38.33,2.89,38.02,3.90,2.57,47.83,-0.14,47.89,0.59
23.63,-38.48,3.09,38.46,3.90,2.56,47.82,-0.15,47.89,0.52
23.64,-38.90,3.63,39.09,3.90,2.55,47.83,-0.16,47.89,0.48
23.65,-39.09,3.88,39.52,3.90,2.55,47.82,-0.17,47.88,0.59
23.66,-38.44,3.02,39.06,3.90,2.55,47.82,-0.12,47.90,0.58
23.67,-38.83,3.54,38.80,3.90,2.55,47.82,-0.13,47.89,0.48
23.68,-39.23,4.05,38.59,3.90,2.55,47.82,-0.20,47.88,0.58
23.69,-38.89,4.04,38.61,3.87,2.55,47.83,-0.11,47.89,0.50
23.70,-38.50,3.54,38.51,3.87,2.55,47.82,-0.16,47.89,0.57
23.71,-38.81,3.94,38.60,3.87,2.55,47.83,-0.13,47.89,0.49
23.72,-38.59,3.64,38.27,3.87,2.55,47.83,-0.18,47.89,0.52
23.73,-38.64,3.70,37.80,3.87,2.54,47.83,-0.14,47.90,0.50
23.74,-38.12,3.02,38.01,3.87,2.55,47.82,-0.14,47.89,0.56
23.75,-38.46,3.46,39.09,3.87,2.55,47.84,-0.16,47.89,0.48
23.76,-38.61,3.65,39.38,3.87,2.55,47.83,-0.17,47.90,0.49
23.77,-38.42,3.40,38.99,3.87,2.56,47.83,-0.15,47.88,0.62
23.78,-38.48,3.48,37.90,3.87,2.56,47.82,-0.13,47.88,0.46
23.79,-38.42,3.83,37.70,3.83,2.57,47.83,-0.17,47.89,0.56
23.80,-38.33,3.72,37.56,3.83,2.58,47.82,-0.13,47.89,0.48
23.81,-38.12,3.44,37.78,3.83,2.58,47.83,-0.15,47.89,0.52
23.82,-37.57,2.72,37.92,3.83,2.58,47.82,-0.11,47.89,0.55
23.83,-37.73,2.91,38.12,3.83,2.59,47.82,-0.14,47.90,0.45
23.84,-38.02,3.29,37.36,3.83,2.59,47.81,-0.17,47.89,0.57
23.85,-38.07,3.35,37.33,3.83,2.59,47.81,-0.13,47.88,0.53
23.86,-37.40,2.47,37.97,3.83,2.58,47.82,-0.13,47.89,0.52
23.87,-37.81,3.00,39.13,3.83,2.58,47.82,-0.11,47.89,0.49
23.88,-38.36,3.71,39.43,3.83,2.57,47.83,-0.18,47.89,0.59
23.89,-38.70,4.58,38.28,3.80,2.56,47.82,-0.15,47.89,0.49
23.90,-37.77,3.38,37.18,3.80,2.56,47.82,-0.15,47.88,0.59
23.91,-38.01,3.69,37.05,3.80,2.55,47.82,-0.11,47.88,0.48
23.92,-38.00,3.68,37.57,3.80,2.55,47.82,-0.17,47.89,0.46
23.93,-38.15,3.87,37.85,3.80,2.55,47.82,-0.14,47.89,0.58
23.94,-37.27,2.72,37.60,3.80,2.55,47.82,-0.11,47.89,0.49
23.95,-37.70,3.26,37.07,3.80,2.55,47.82,-0.15,47.89,0.45
23.96,-37.68,3.24,36.95,3.80,2.55,47.83,-0.16,47.89,0.54
23.97,-37.40,2.86,37.42,3.80,2.55,47.83,-0.14,47.89,0.53
23.98,-37.16,2.55,38.35,3.80,2.55,47.83,-0.13,47.89,0.50
23.99,-37.56,3.07,39.14,3.80,2.54,47.81,-0.11,47.89,0.55
24.00,-37.87,3.90,38.48,3.77,2.52,47.83,-0.18,47.88,0.56
24.01,-37.93,3.99,36.96,3.77,2.50,47.83,-0.14,47.89,0.52
24.02,-37.35,3.23,36.09,3.77,2.48,47.82,-0.11,47.89,0.46
24.03,-37.08,2.87,36.64,3.77,2.48,47.82,-0.13,47.89,0.47
24.04,-37.65,3.61,37.65,3.77,2.48,47.82,-0.11,47.89,0.50
24.05,-37.44,3.33,38.01,3.77,2.49,47.82,-0.13,47.88,0.49
24.06,-37.09,2.87,37.18,3.77,2.49,47.82,-0.14,47.89,0.46
24.07,-37.08,2.85,36.50,3.77,2.48,47.83,-0.12,47.89,0.53
24.08,-36.94,2.67,36.48,3.77,2.48,47.82,-0.12,47.88,0.53
24.09,-36.99,2.72,37.75,3.77,2.48,47.83,-0.14,47.88,0.48
24.10,-37.12,3.32,38.27,3.73,2.48,47.82,-0.14,47.89,0.50
24.11,-37.09,3.28,38.08,3.73,2.48,47.81,-0.10,47.88,0.54
24.12,-37.36,3.63,36.90,3.73,2.46,47.83,-0.15,47.90,0.45
24.13,-37.13,3.33,36.61,3.73,2.44,47.82,-0.13,47.89,0.45
24.14,-37.50,3.82,36.70,3.73,2.44,47.83,-0.12,47.89,0.52
24.15,-37.78,4.17,36.85,3.73,2.44,47.82,-0.12,47.88,0.55
24.16,-36.80,2.89,37.12,3.73,2.44,47.82,-0.13,47.89,0.46
24.17,-36.80,2.89,36.74,3.73,2.44,47.82,-0.11,47.90,0.46
24.18,-37.26,3.48,36.44,3.73,2.43,47.82,-0.13,47.89,0.47
24.19,-37.32,3.55,36.55,3.73,2.43,47.83,-0.17,47.88,0.51
24.20,-36.53,2.96,36.85,3.70,2.44,47.83,-0.14,47.89,0.54
24.21,-36.72,3.20,37.07,3.70,2.44,47.83,-0.12,47.88,0.46
24.22,-36.62,3.07,36.95,3.70,2.45,47.81,-0.11,47.89,0.46
24.23,-36.81,3.31,36.89,3.70,2.44,47.82,-0.11,47.88,0.52
24.24,-36.81,3.31,36.98,3.70,2.42,47.82,-0.16,47.89,0.53
24.25,-36.91,3.44,36.83,3.70,2.41,47.82,-0.14,47.88,0.49
24.26,-36.94,3.47,36.40,3.70,2.40,47.83,-0.12,47.89,0.43
24.27,-36.49,2.89,36.94,3.70,2.40,47.83,-0.10,47.89,0.49
24.28,-36.86,3.37,37.21,3.70,2.39,47.81,-0.13,47.88,0.55
24.29,-37.21,3.82,37.22,3.70,2.39,47.83,-0.18,47.88,0.49
24.30,-36.67,3.54,36.05,3.67,2.38,47.83,-0.16,47.88,0.42
24.31,-36.00,2.67,35.58,3.67,2.37,47.83,-0.12,47.89,0.43
24.32,-36.09,2.78,36.18,3.67,2.36,47.82,-0.11,47.89,0.45
24.33,-36.93,3.87,37.25,3.67,2.36,47.83,-0.11,47.90,0.44
24.34,-36.30,3.04,37.41,3.67,2.34,47.82,-0.12,47.88,0.55
24.35,-36.51,3.31,36.66,3.67,2.33,47.82,-0.14,47.89,0.50
24.36,-36.26,2.99,36.37,3.67,2.32,47.83,-0.13,47.89,0.46
24.37,-36.20,2.91,36.44,3.67,2.32,47.82,-0.11,47.90,0.45
24.38,-36.57,3.40,36.54,3.67,2.32,47.83,-0.10,47.88,0.43
24.39,-36.75,3.62,36.30,3.67,2.32,47.81,-0.11,47.88,0.50
24.40,-36.68,3.96,36.06,3.63,2.32,47.83,-0.13,47.89,0.51
24.41,-35.86,2.89,35.38,3.63,2.33,47.82,-0.10,47.89,0.50
24.42,-35.70,2.67,35.36,3.63,2.34,47.82,-0.11,47.88,0.49
24.43,-36.31,3.46,35.95,3.63,2.35,47.81,-0.14,47.89,0.49
24.44,-36.06,3.14,36.77,3.63,2.36,47.83,-0.13,47.89,0.49
24.45,-36.42,3.60,37.05,3.63,2.36,47.83,-0.15,47.89,0.46
24.46,-36.37,3.53,36.81,3.63,2.36,47.82,-0.14,47.89,0.43
24.47,-36.30,3.44,35.45,3.63,2.37,47.82,-0.14,47.89,0.43
24.48,-36.25,3.37,35.32,3.63,2.37,47.83,-0.11,47.89,0.44
24.49,-36.41,3.57,36.37,3.63,2.38,47.82,-0.12,47.89,0.41
24.50,-36.97,4.30,37.24,3.60,2.40,47.81,-0.11,47.89,0.46
24.51,-36.07,3.56,37.06,3.60,2.41,47.82,-0.11,47.89,0.53
24.52,-35.71,3.09,35.74,3.60,2.41,47.83,-0.10,47.89,0.51
24.53,-35.61,2.96,34.55,3.60,2.42,47.83,-0.10,47.89,0.55
24.54,-35.22,2.45,34.56,3.60,2.44,47.82,-0.10,47.89,0.46
24.55,-35.44,2.72,36.02,3.60,2.46,47.82,-0.11,47.88,0.43
24.56,-36.28,3.82,36.60,3.60,2.47,47.82,-0.13,47.89,0.51
24.57,-36.33,3.88,36.59,3.60,2.47,47.82,-0.12,47.89,0.52
24.58,-35.88,3.30,35.93,3.60,2.47,47.81,-0.10,47.89,0.51
24.59,-35.40,2.66,35.36,3.60,2.47,47.82,-0.09,47.88,0.54
24.60,-36.14,3.63,35.28,3.60,2.48,47.82,-0.10,47.88,0.50
24.61,-34.93,2.48,35.69,3.57,2.48,47.82,-0.08,47.89,0.49
24.62,-35.70,3.48,35.88,3.57,2.49,47.82,-0.10,47.89,0.47
24.63,-36.00,3.87,36.03,3.57,2.50,47.82,-0.11,47.89,0.49
24.64,-34.91,2.44,35.44,3.57,2.51,47.82,-0.10,47.89,0.52
24.65,-34.96,2.50,34.57,3.57,2.53,47.82,-0.10,47.89,0.52
24.66,-35.27,2.90,34.27,3.57,2.55,47.82,-0.12,47.90,0.42
24.67,-35.06,2.62,34.67,3.57,2.56,47.82,-0.12,47.89,0.39
24.68,-35.65,3.38,35.89,3.57,2.56,47.82,-0.13,47.89,0.39
24.69,-36.09,3.96,36.14,3.57,2.56,47.83,-0.16,47.90,0.41
24.70,-35.51,3.20,35.97,3.57,2.55,47.82,-0.14,47.89,0.42
24.71,-34.69,2.56,35.29,3.53,2.53,47.82,-0.11,47.89,0.41
24.72,-35.03,3.01,34.38,3.53,2.52,47.82,-0.12,47.89,0.45
24.73,-35.33,3.40,34.03,3.53,2.53,47.82,-0.12,47.90,0.47
24.74,-34.95,2.89,34.96,3.53,2.53,47.82,-0.09,47.89,0.44
24.75,-35.30,3.35,36.35,3.53,2.53,47.83,-0.09,47.89,0.49
24.76,-35.59,3.72,36.31,3.53,2.53,47.83,-0.12,47.89,0.50
24.77,-34.85,2.75,34.85,3.53,2.53,47.81,-0.11,47.89,0.53
24.78,-34.66,2.50,33.55,3.53,2.54,47.83,-0.11,47.89,0.40
24.79,-34.85,2.75,33.75,3.53,2.55,47.81,-0.11,47.89,0.50
24.80,-34.39,2.14,35.11,3.53,2.56,47.82,-0.09,47.89,0.50
24.81,-34.91,3.25,36.25,3.50,2.56,47.82,-0.10,47.89,0.51
24.82,-35.48,3.99,35.93,3.50,2.53,47.82,-0.10,47.88,0.50
24.83,-34.94,3.28,34.83,3.50,2.51,47.82,-0.12,47.89,0.49
24.84,-34.91,3.24,34.30,3.50,2.51,47.83,-0.11,47.89,0.43
24.85,-34.75,3.03,34.03,3.50,2.49,47.83,-0.12,47.89,0.40
24.86,-34.42,2.60,34.58,3.50,2.47,47.82,-0.09,47.88,0.50
24.87,-34.77,3.04,35.01,3.50,2.46,47.83,-0.09,47.89,0.48
24.88,-35.17,3.56,35.34,3.50,2.45,47.82,-0.10,47.88,0.48
24.89,-35.29,3.71,34.69,3.50,2.44,47.83,-0.13,47.89,0.42
24.90,-35.10,3.47,34.29,3.50,2.44,47.83,-0.15,47.89,0.39
24.91,-34.74,3.43,33.85,3.47,2.44,47.82,-0.14,47.89,0.49
24.92,-34.33,2.89,33.80,3.47,2.44,47.83,-0.10,47.89,0.42
24.93,-34.04,2.50,34.40,3.47,2.44,47.82,-0.09,47.89,0.37
24.94,-34.12,2.60,35.02,3.47,2.42,47.82,-0.10,47.90,0.45
24.95,-34.86,3.56,34.62,3.47,2.39,47.82,-0.13,47.89,0.46
24.96,-34.72,3.38,34.26,3.47,2.36,47.83,-0.09,47.89,0.44
24.97,-34.88,3.58,34.22,3.47,2.33,47.82,-0.10,47.90,0.37
24.98,-35.01,3.75,34.52,3.47,2.32,47.82,-0.14,47.90,0.38
24.99,-34.54,3.14,35.00,3.47,2.32,47.82,-0.11,47.89,0.46
25.00,-34.29,2.81,34.97,3.47,2.29,47.81,-0.07,47.89,0.49
25.01,-34.23,3.15,34.52,3.43,2.27,47.83,-0.11,47.89,0.47
25.02,-34.18,3.09,33.54,3.43,2.27,47.82,-0.11,47.90,0.41
25.03,-34.48,3.48,33.20,3.43,2.27,47.81,-0.12,47.89,0.49
25.04,-34.66,3.70,33.31,3.43,2.27,47.84,-0.12,47.89,0.35
25.05,-34.24,3.15,33.80,3.43,2.27,47.83,-0.12,47.89,0.43
25.06,-34.37,3.31,34.68,3.43,2.26,47.81,-0.11,47.89,0.45
25.07,-34.48,3.45,34.99,3.43,2.26,47.83,-0.10,47.89,0.43
25.08,-33.98,2.80,34.62,3.43,2.25,47.83,-0.10,47.89,0.39
25.09,-33.85,2.63,34.05,3.43,2.24,47.82,-0.09,47.89,0.42
25.10,-33.86,2.64,33.68,3.43,2.22,47.82,-0.08,47.89,0.50
25.11,-33.84,2.62,33.93,3.43,2.22,47.83,-0.09,47.89,0.40
25.12,-33.68,2.84,34.21,3.40,2.21,47.81,-0.10,47.89,0.39
25.13,-34.13,3.42,33.98,3.40,2.21,47.83,-0.09,47.89,0.46
25.14,-34.22,3.54,33.71,3.40,2.20,47.83,-0.13,47.89,0.36
25.15,-33.91,3.12,33.33,3.40,2.20,47.81,-0.12,47.89,0.45
25.16,-33.47,2.54,33.39,3.40,2.21,47.83,-0.11,47.89,0.38
25.17,-33.81,2.99,33.37,3.40,2.21,47.82,-0.11,47.88,0.44
25.18,-33.64,2.76,33.76,3.40,2.21,47.81,-0.08,47.89,0.44
25.19,-33.25,2.25,33.78,3.40,2.20,47.82,-0.09,47.91,0.39
25.20,-33.00,1.91,34.03,3.40,2.19,47.82,-0.06,47.89,0.49
25.21,-33.93,3.12,33.97,3.40,2.18,47.81,-0.09,47.89,0.40
25.22,-33.71,3.27,33.44,3.37,2.18,47.83,-0.12,47.90,0.40
25.23,-33.54,3.04,32.92,3.37,2.17,47.83,-0.08,47.88,0.42
25.24,-34.05,3.71,33.14,3.37,2.17,47.83,-0.12,47.89,0.37
25.25,-33.67,3.21,33.43,3.37,2.17,47.82,-0.09,47.89,0.47
25.26,-33.77,3.34,33.49,3.37,2.17,47.83,-0.13,47.90,0.36
25.27,-33.65,3.17,33.11,3.37,2.16,47.82,-0.10,47.89,0.46
25.28,-32.53,1.71,32.90,3.37,2.17,47.81,-0.08,47.90,0.39
25.29,-32.81,2.07,32.74,3.37,2.17,47.82,-0.07,47.88,0.41
25.30,-33.12,2.46,33.36,3.37,2.17,47.82,-0.09,47.90,0.39
25.31,-32.52,1.67,34.12,3.37,2.17,47.81,-0.07,47.89,0.51
25.32,-32.54,2.14,33.84,3.33,2.17,47.83,-0.08,47.90,0.41
25.33,-33.59,3.50,33.05,3.33,2.17,47.83,-0.11,47.89,0.43
25.34,-32.66,2.29,32.79,3.33,2.17,47.83,-0.08,47.90,0.34
25.35,-33.18,2.96,33.05,3.33,2.18,47.83,-0.11,47.89,0.43
25.36,-33.63,3.55,33.11,3.33,2.18,47.83,-0.09,47.90,0.33
25.37,-33.46,3.33,33.45,3.33,2.18,47.83,-0.13,47.88,0.46
25.38,-33.12,2.89,33.15,3.33,2.18,47.82,-0.08,47.89,0.38
25.39,-32.91,2.60,32.94,3.33,2.19,47.82,-0.09,47.89,0.47
25.40,-32.83,2.49,32.87,3.33,2.20,47.83,-0.09,47.89,0.37
25.41,-32.74,2.37,32.88,3.33,2.21,47.82,-0.08,47.88,0.46
25.42,-31.85,1.63,32.91,3.30,2.21,47.83,-0.08,47.90,0.37
25.43,-31.98,1.80,33.05,3.30,2.22,47.82,-0.07,47.91,0.46
25.44,-32.83,2.91,33.38,3.30,2.22,47.82,-0.10,47.89,0.40
25.45,-33.04,3.18,33.23,3.30,2.21,47.81,-0.08,47.88,0.46
25.46,-33.45,3.72,32.76,3.30,2.21,47.82,-0.11,47.90,0.35
25.47,-33.57,3.87,32.71,3.30,2.21,47.82,-0.08,47.89,0.39
25.48,-33.16,3.33,32.73,3.30,2.22,47.83,-0.12,47.89,0.39
25.49,-33.12,3.28,33.18,3.30,2.23,47.82,-0.08,47.89,0.37
25.50,-33.36,3.59,32.66,3.30,2.23,47.83,-0.11,47.89,0.43
25.51,-32.94,3.05,32.54,3.30,2.23,47.83,-0.11,47.88,0.34
25.52,-32.63,3.07,32.18,3.27,2.24,47.83,-0.08,47.88,0.43
25.53,-31.75,1.92,31.32,3.27,2.25,47.81,-0.09,47.89,0.43
25.54,-31.84,2.02,31.56,3.27,2.25,47.82,-0.07,47.89,0.39
25.55,-31.84,2.02,31.83,3.27,2.25,47.82,-0.06,47.90,0.33
25.56,-31.56,1.65,32.63,3.27,2.24,47.81,-0.07,47.89,0.41
25.57,-31.37,1.38,33.24,3.27,2.23,47.82,-0.06,47.89,0.36
25.58,-31.99,2.19,33.36,3.27,2.22,47.82,-0.06,47.89,0.47
25.59,-32.04,2.27,32.67,3.27,2.21,47.83,-0.08,47.89,0.39
25.60,-32.33,2.64,32.05,3.27,2.21,47.82,-0.08,47.89,0.39
25.61,-32.95,3.45,31.67,3.27,2.21,47.83,-0.11,47.89,0.44
25.62,-32.98,3.92,32.14,3.23,2.21,47.83,-0.10,47.90,0.38
25.63,-32.94,3.86,32.37,3.23,2.21,47.82,-0.07,47.89,0.33
25.64,-32.49,3.27,32.11,3.23,2.21,47.82,-0.09,47.88,0.41
25.65,-32.46,3.24,31.81,3.23,2.22,47.83,-0.11,47.90,0.38
25.66,-32.64,3.46,31.35,3.23,2.22,47.83,-0.11,47.90,0.34
25.67,-32.12,2.78,31.39,3.23,2.22,47.81,-0.09,47.90,0.33
25.68,-31.99,2.61,31.71,3.23,2.22,47.82,-0.11,47.89,0.33
25.69,-32.09,2.73,31.96,3.23,2.22,47.83,-0.12,47.88,0.42
25.70,-32.18,2.84,32.45,3.23,2.21,47.84,-0.09,47.89,0.38
25.71,-32.18,2.84,32.85,3.23,2.20,47.82,-0.08,47.90,0.35
25.72,-31.95,2.54,32.93,3.20,2.19,47.83,-0.08,47.89,0.44
25.73,-31.62,2.55,31.76,3.20,2.18,47.82,-0.08,47.89,0.36
25.74,-31.73,2.68,30.68,3.20,2.16,47.82,-0.06,47.90,0.33
25.75,-31.20,2.00,30.93,3.20,2.15,47.82,-0.07,47.89,0.33
25.76,-31.31,2.13,31.73,3.20,2.16,47.82,-0.08,47.89,0.38
25.77,-31.53,2.42,32.28,3.20,2.16,47.83,-0.08,47.90,0.43
25.78,-31.32,2.14,31.88,3.20,2.16,47.83,-0.05,47.89,0.36
25.79,-31.40,2.24,31.21,3.20,2.17,47.82,-0.07,47.89,0.31
25.80,-31.04,1.77,30.54,3.20,2.17,47.82,-0.07,47.89,0.32
25.81,-31.39,2.22,30.78,3.20,2.17,47.82,-0.08,47.89,0.32
25.82,-31.99,2.98,31.41,3.20,2.17,47.83,-0.08,47.90,0.35
25.83,-31.06,2.20,32.09,3.17,2.16,47.81,-0.06,47.89,0.46
25.84,-31.49,2.76,31.79,3.17,2.14,47.83,-0.08,47.89,0.40
25.85,-31.71,3.05,31.56,3.17,2.14,47.82,-0.10,47.90,0.34
25.86,-31.62,2.92,31.39,3.17,2.13,47.82,-0.10,47.89,0.34
25.87,-32.08,3.52,31.52,3.17,2.11,47.82,-0.09,47.89,0.38
25.88,-31.40,2.63,31.41,3.17,2.09,47.82,-0.07,47.90,0.42
25.89,-31.71,3.04,31.34,3.17,2.08,47.82,-0.07,47.89,0.42
25.90,-32.01,3.42,31.24,3.17,2.07,47.83,-0.08,47.89,0.36
25.91,-32.00,3.41,30.92,3.17,2.07,47.83,-0.10,47.89,0.34
25.92,-32.07,3.50,30.86,3.17,2.07,47.83,-0.11,47.88,0.32
25.93,-31.31,2.94,30.90,3.13,2.07,47.82,-0.10,47.90,0.30
25.94,-31.40,3.06,30.94,3.13,2.06,47.82,-0.11,47.90,0.28
25.95,-31.58,3.29,30.83,3.13,2.06,47.82,-0.10,47.90,0.31
25.96,-31.60,3.30,31.11,3.13,2.04,47.82,-0.08,47.90,0.31
25.97,-31.67,3.39,31.63,3.13,2.03,47.83,-0.08,47.89,0.33
25.98,-31.53,3.20,31.66,3.13,2.02,47.82,-0.09,47.89,0.40
25.99,-31.68,3.40,31.67,3.13,2.01,47.84,-0.10,47.89,0.39
26.00,-31.55,3.23,31.59,3.13,2.01,47.83,-0.10,47.89,0.35
26.01,-31.09,2.62,31.49,3.13,2.00,47.82,-0.10,47.90,0.31
26.02,-31.05,2.56,31.52,3.13,1.99,47.83,-0.10,47.89,0.31
26.03,-30.88,2.78,31.50,3.10,1.97,47.83,-0.09,47.89,0.35
26.04,-30.71,2.56,30.75,3.10,1.97,47.83,-0.09,47.90,0.38
26.05,-31.23,3.23,30.43,3.10,1.96,47.83,-0.08,47.88,0.36
26.06,-30.66,2.49,30.19,3.10,1.96,47.83,-0.09,47.89,0.33
26.07,-30.38,2.11,30.75,3.10,1.96,47.83,-0.08,47.88,0.32
26.08,-30.35,2.07,30.88,3.10,1.96,47.82,-0.08,47.89,0.32
26.09,-30.32,2.03,30.71,3.10,1.95,47.82,-0.08,47.89,0.37
26.10,-31.15,3.10,30.95,3.10,1.94,47.82,-0.09,47.88,0.36
26.11,-30.81,2.66,30.83,3.10,1.94,47.82,-0.08,47.88,0.38
26.12,-30.66,2.45,31.32,3.10,1.93,47.82,-0.07,47.89,0.40
26.13,-30.32,2.45,31.50,3.07,1.93,47.83,-0.06,47.89,0.39
26.14,-30.46,2.63,30.88,3.07,1.92,47.82,-0.07,47.90,0.38
26.15,-30.68,2.92,30.49,3.07,1.92,47.82,-0.07,47.89,0.38
26.16,-30.39,2.53,30.41,3.07,1.92,47.82,-0.07,47.90,0.37
26.17,-30.49,2.66,30.67,3.07,1.93,47.82,-0.07,47.88,0.40
26.18,-30.31,2.42,30.48,3.07,1.95,47.82,-0.06,47.89,0.40
26.19,-30.49,2.66,30.09,3.07,1.96,47.82,-0.07,47.88,0.40
26.20,-30.34,2.46,30.03,3.07,1.96,47.80,-0.08,47.89,0.37
26.21,-30.04,2.06,30.17,3.07,1.97,47.81,-0.08,47.89,0.31
26.22,-30.06,2.08,30.34,3.07,1.97,47.82,-0.09,47.90,0.29
26.23,-30.00,2.43,30.53,3.03,1.98,47.82,-0.10,47.90,0.29
26.24,-30.40,2.96,30.50,3.03,1.98,47.83,-0.11,47.89,0.29
26.25,-30.19,2.67,30.34,3.03,1.99,47.83,-0.10,47.90,0.30
26.26,-29.93,2.33,30.24,3.03,1.99,47.81,-0.09,47.90,0.33
26.27,-30.29,2.79,30.56,3.03,2.00,47.82,-0.08,47.89,0.33
26.28,-29.99,2.41,30.29,3.03,2.00,47.82,-0.07,47.89,0.35
26.29,-30.29,2.79,30.09,3.03,2.01,47.82,-0.07,47.89,0.36
26.30,-30.26,2.75,30.64,3.03,2.02,47.82,-0.06,47.89,0.38
26.31,-30.43,2.96,31.07,3.03,2.02,47.82,-0.06,47.89,0.38
26.32,-31.07,3.81,30.91,3.03,2.03,47.82,-0.06,47.89,0.38
26.33,-30.26,2.74,30.35,3.03,2.04,47.82,-0.08,47.89,0.37
26.34,-29.72,2.48,29.27,3.00,2.06,47.82,-0.09,47.89,0.36
26.35,-29.33,1.97,28.74,3.00,2.07,47.83,-0.07,47.89,0.27
26.36,-29.95,2.76,28.99,3.00,2.09,47.83,-0.07,47.89,0.37
26.37,-30.32,3.24,29.75,3.00,2.09,47.83,-0.07,47.90,0.35
26.38,-30.24,3.12,30.11,3.00,2.09,47.82,-0.07,47.89,0.35
26.39,-30.66,3.66,30.18,3.00,2.09,47.83,-0.09,47.90,0.33
26.40,-30.04,2.86,29.99,3.00,2.08,47.83,-0.08,47.89,0.31
26.41,-30.16,3.01,30.08,3.00,2.08,47.82,-0.09,47.90,0.32
26.42,-30.33,3.23,29.97,3.00,2.09,47.83,-0.08,47.89,0.33
26.43,-30.52,3.47,29.73,3.00,2.09,47.82,-0.06,47.89,0.37
26.44,-30.09,3.35,29.31,2.97,2.10,47.82,-0.06,47.90,0.41
26.45,-29.56,2.66,29.19,2.97,2.11,47.82,-0.06,47.89,0.36
26.46,-29.29,2.29,29.31,2.97,2.12,47.82,-0.07,47.90,0.28
26.47,-29.25,2.25,29.35,2.97,2.12,47.81,-0.05,47.88,0.32
26.48,-28.98,1.88,29.47,2.97,2.13,47.82,-0.05,47.89,0.39
26.49,-28.99,1.89,29.32,2.97,2.14,47.82,-0.06,47.89,0.37
26.50,-29.03,1.94,28.74,2.97,2.15,47.82,-0.07,47.89,0.27
26.51,-29.15,2.10,28.76,2.97,2.15,47.82,-0.06,47.91,0.33
26.52,-28.73,1.54,29.12,2.97,2.15,47.82,-0.05,47.88,0.36
26.53,-28.96,1.84,29.53,2.97,2.15,47.81,-0.06,47.90,0.30
26.54,-28.12,1.17,30.00,2.93,2.15,47.83,-0.05,47.89,0.28
26.55,-28.55,1.73,29.53,2.93,2.15,47.83,-0.06,47.89,0.29
26.56,-28.89,2.17,29.30,2.93,2.14,47.82,-0.05,47.89,0.34
26.57,-29.06,2.39,29.04,2.93,2.13,47.81,-0.07,47.89,0.33
26.58,-29.49,2.95,28.87,2.93,2.13,47.83,-0.09,47.89,0.26
26.59,-29.51,2.97,29.13,2.93,2.15,47.82,-0.05,47.90,0.34
26.60,-29.43,2.86,29.39,2.93,2.16,47.82,-0.07,47.89,0.34
26.61,-29.44,2.87,29.55,2.93,2.16,47.82,-0.08,47.88,0.28
26.62,-29.54,3.00,29.79,2.93,2.16,47.82,-0.06,47.89,0.28
26.63,-29.67,3.16,29.45,2.93,2.17,47.83,-0.06,47.89,0.33
26.64,-29.44,3.30,28.77,2.90,2.17,47.82,-0.08,47.90,0.36
26.65,-29.35,3.18,27.99,2.90,2.18,47.82,-0.07,47.90,0.28
26.66,-29.00,2.71,27.32,2.90,2.18,47.82,-0.06,47.89,0.36
26.67,-28.95,2.64,28.19,2.90,2.18,47.82,-0.07,47.90,0.29
26.68,-28.44,1.98,28.75,2.90,2.18,47.83,-0.04,47.90,0.36
26.69,-28.31,1.80,29.79,2.90,2.17,47.83,-0.06,47.89,0.34
26.70,-28.25,1.71,29.85,2.90,2.17,47.83,-0.05,47.90,0.30
26.71,-28.61,2.19,29.12,2.90,2.15,47.81,-0.04,47.89,0.27
26.72,-28.72,2.33,28.53,2.90,2.13,47.82,-0.06,47.90,0.36
26.73,-28.55,2.10,28.06,2.90,2.11,47.81,-0.07,47.89,0.29
26.74,-28.45,2.41,28.40,2.87,2.10,47.83,-0.05,47.88,0.31
26.75,-28.40,2.34,28.34,2.87,2.10,47.82,-0.07,47.89,0.30
26.76,-28.70,2.73,28.34,2.87,2.08,47.83,-0.06,47.89,0.27
26.77,-28.14,1.99,28.57,2.87,2.07,47.82,-0.05,47.89,0.34
26.78,-28.37,2.29,28.61,2.87,2.07,47.82,-0.06,47.89,0.27
26.79,-28.69,2.70,28.50,2.87,2.05,47.82,-0.05,47.89,0.36
26.80,-28.94,3.03,28.03,2.87,2.04,47.81,-0.08,47.90,0.26
26.81,-29.17,3.32,27.36,2.87,2.02,47.82,-0.06,47.89,0.36
26.82,-28.96,3.04,27.42,2.87,2.00,47.82,-0.09,47.90,0.29
26.83,-28.70,2.69,27.89,2.87,1.99,47.81,-0.05,47.88,0.33
26.84,-28.13,2.39,28.86,2.83,1.97,47.82,-0.06,47.90,0.26
26.85,-28.00,2.21,28.94,2.83,1.94,47.82,-0.05,47.90,0.32
26.86,-27.77,1.91,28.62,2.83,1.94,47.82,-0.05,47.88,0.33
26.87,-27.62,1.71,27.82,2.83,1.92,47.83,-0.05,47.88,0.30
26.88,-27.41,1.44,27.69,2.83,1.91,47.83,-0.05,47.90,0.29
26.89,-27.93,2.11,28.24,2.83,1.90,47.81,-0.06,47.90,0.31
26.90,-28.35,2.65,28.66,2.83,1.90,47.83,-0.05,47.90,0.28
26.91,-28.64,3.03,28.42,2.83,1.90,47.82,-0.07,47.89,0.29
26.92,-29.10,3.63,28.11,2.83,1.89,47.81,-0.05,47.88,0.33
26.93,-28.83,3.27,27.81,2.83,1.89,47.82,-0.07,47.89,0.29
26.94,-28.82,3.25,27.77,2.83,1.88,47.81,-0.06,47.90,0.29
26.95,-27.77,2.31,27.43,2.80,1.88,47.82,-0.04,47.89,0.31
26.96,-27.79,2.33,27.77,2.80,1.87,47.82,-0.07,47.90,0.25
26.97,-26.72,0.92,27.21,2.80,1.86,47.82,-0.03,47.89,0.36
26.98,-27.25,1.61,27.31,2.80,1.85,47.83,-0.05,47.89,0.28
26.99,-26.39,0.49,27.67,2.80,1.84,47.81,-0.03,47.89,0.27
27.00,-27.47,1.89,28.19,2.80,1.83,47.83,-0.06,47.90,0.32
27.01,-27.59,2.05,28.47,2.80,1.83,47.81,-0.05,47.90,0.26
27.02,-28.46,3.19,28.44,2.80,1.82,47.83,-0.07,47.89,0.32
27.03,-28.98,3.86,28.06,2.80,1.81,47.83,-0.06,47.90,0.30
27.04,-28.62,3.39,27.83,2.80,1.80,47.83,-0.06,47.89,0.34
27.05,-28.19,3.27,27.45,2.77,1.80,47.83,-0.06,47.90,0.28
27.06,-27.70,2.62,26.87,2.77,1.81,47.82,-0.04,47.89,0.35
27.07,-27.20,1.96,27.20,2.77,1.81,47.82,-0.05,47.90,0.28
27.08,-26.55,1.11,27.32,2.77,1.81,47.83,-0.04,47.89,0.26
27.09,-26.92,1.59,27.93,2.77,1.81,47.82,-0.04,47.88,0.35
27.10,-26.60,1.17,27.81,2.77,1.81,47.81,-0.05,47.90,0.24
27.11,-26.83,1.47,27.70,2.77,1.80,47.82,-0.05,47.89,0.30
27.12,-26.92,1.57,27.26,2.77,1.80,47.81,-0.05,47.89,0.31
27.13,-27.48,2.30,27.42,2.77,1.79,47.83,-0.06,47.89,0.26
27.14,-27.57,2.41,27.49,2.77,1.79,47.81,-0.05,47.89,0.33
27.15,-27.43,2.67,27.12,2.73,1.78,47.83,-0.06,47.89,0.28
27.16,-26.81,1.85,27.05,2.73,1.77,47.82,-0.05,47.90,0.25
27.17,-26.69,1.70,26.94,2.73,1.77,47.82,-0.03,47.89,0.33
27.18,-26.83,1.87,27.22,2.73,1.76,47.82,-0.05,47.90,0.28
27.19,-26.88,1.94,27.43,2.73,1.75,47.81,-0.07,47.90,0.24
27.20,-27.39,2.60,27.43,2.73,1.75,47.82,-0.05,47.90,0.31
27.21,-27.26,2.42,26.88,2.73,1.74,47.84,-0.06,47.89,0.30
27.22,-27.76,3.07,26.90,2.73,1.74,47.82,-0.06,47.89,0.25
27.23,-27.33,2.50,26.67,2.73,1.74,47.82,-0.04,47.89,0.31
27.24,-27.14,2.25,27.07,2.73,1.74,47.82,-0.04,47.89,0.32
27.25,-25.79,0.93,27.22,2.70,1.74,47.83,-0.03,47.90,0.25
27.26,-25.92,1.09,26.80,2.70,1.73,47.82,-0.04,47.89,0.27
27.27,-25.51,0.55,26.08,2.70,1.72,47.81,-0.04,47.89,0.30
27.28,-25.85,0.99,26.31,2.70,1.71,47.82,-0.04,47.89,0.31
27.29,-26.36,1.65,26.54,2.70,1.71,47.83,-0.06,47.90,0.31
27.30,-26.74,2.14,27.21,2.70,1.71,47.82,-0.06,47.90,0.26
27.31,-26.68,2.06,27.22,2.70,1.71,47.81,-0.05,47.90,0.31
27.32,-26.95,2.40,27.24,2.70,1.71,47.82,-0.04,47.89,0.32
27.33,-26.44,1.73,26.83,2.70,1.71,47.82,-0.04,47.90,0.25
27.34,-26.61,1.95,26.67,2.70,1.71,47.82,-0.05,47.89,0.28
27.35,-26.57,2.34,26.66,2.67,1.71,47.82,-0.05,47.89,0.34
27.36,-26.72,2.54,26.51,2.67,1.72,47.82,-0.04,47.89,0.31
27.37,-27.03,2.94,26.10,2.67,1.72,47.82,-0.06,47.90,0.27
27.38,-26.86,2.71,25.94,2.67,1.73,47.82,-0.05,47.90,0.25
27.39,-26.93,2.80,26.11,2.67,1.73,47.82,-0.05,47.90,0.23
27.40,-26.56,2.32,26.49,2.67,1.73,47.81,-0.04,47.89,0.27
27.41,-26.52,2.26,26.61,2.67,1.74,47.82,-0.04,47.89,0.32
27.42,-26.30,1.96,26.49,2.67,1.74,47.82,-0.04,47.90,0.29
27.43,-26.59,2.34,26.08,2.67,1.74,47.81,-0.07,47.90,0.26
27.44,-26.59,2.33,25.87,2.67,1.74,47.83,-0.06,47.90,0.26
27.45,-27.00,2.87,26.36,2.63,1.75,47.83,-0.07,47.90,0.23
27.46,-26.49,2.63,26.65,2.63,1.76,47.80,-0.04,47.89,0.26
27.47,-26.65,2.84,26.60,2.63,1.76,47.82,-0.04,47.90,0.32
27.48,-26.04,2.04,26.28,2.63,1.76,47.82,-0.03,47.90,0.30
27.49,-26.09,2.10,26.00,2.63,1.76,47.83,-0.04,47.89,0.26
27.50,-25.97,1.95,25.92,2.63,1.75,47.83,-0.06,47.89,0.27
27.51,-26.16,2.19,26.43,2.63,1.75,47.83,-0.06,47.89,0.24
27.52,-26.20,2.23,26.50,2.63,1.75,47.82,-0.05,47.90,0.24
27.53,-26.46,2.56,26.30,2.63,1.76,47.83,-0.04,47.89,0.28
27.54,-25.71,1.59,25.88,2.63,1.76,47.81,-0.04,47.90,0.30
27.55,-25.75,1.64,25.24,2.63,1.76,47.81,-0.02,47.90,0.26
27.56,-24.58,0.55,25.18,2.60,1.76,47.81,-0.03,47.89,0.29
27.57,-25.17,1.31,25.30,2.60,1.76,47.81,-0.03,47.89,0.22
27.58,-24.93,0.99,25.07,2.60,1.77,47.82,-0.03,47.89,0.23
27.59,-25.61,1.87,25.28,2.60,1.77,47.82,-0.04,47.90,0.22
27.60,-24.97,1.03,25.15,2.60,1.76,47.82,-0.03,47.90,0.21
27.61,-25.40,1.59,25.19,2.60,1.75,47.82,-0.03,47.90,0.22
27.62,-24.72,0.68,26.14,2.60,1.75,47.81,-0.03,47.90,0.21
27.63,-25.25,1.38,26.61,2.60,1.75,47.82,-0.04,47.89,0.24
27.64,-25.61,1.84,26.82,2.60,1.74,47.83,-0.04,47.89,0.30
27.65,-26.41,2.89,26.37,2.60,1.73,47.83,-0.06,47.90,0.32
27.66,-25.14,1.66,25.87,2.57,1.72,47.82,-0.04,47.90,0.26
27.67,-25.36,1.95,24.89,2.57,1.72,47.82,-0.05,47.89,0.27
27.68,-24.59,0.94,24.73,2.57,1.72,47.82,-0.03,47.88,0.28
27.69,-24.53,0.86,24.91,2.57,1.73,47.83,-0.04,47.89,0.28
27.70,-24.78,1.18,25.05,2.57,1.73,47.82,-0.04,47.90,0.28
27.71,-25.46,2.06,25.49,2.57,1.73,47.83,-0.05,47.89,0.30
27.72,-25.54,2.17,25.82,2.57,1.73,47.83,-0.04,47.89,0.31
27.73,-25.54,2.17,25.40,2.57,1.73,47.82,-0.04,47.89,0.31
27.74,-25.00,1.46,25.39,2.57,1.73,47.82,-0.03,47.89,0.31
27.75,-24.73,1.11,25.05,2.57,1.72,47.81,-0.03,47.89,0.27
27.76,-24.22,0.87,24.78,2.53,1.72,47.82,-0.03,47.90,0.23
27.77,-24.97,1.84,24.58,2.53,1.71,47.82,-0.03,47.90,0.20
27.78,-24.82,1.63,24.76,2.53,1.71,47.81,-0.03,47.90,0.22
27.79,-25.08,1.97,25.14,2.53,1.71,47.82,-0.03,47.90,0.24
27.80,-24.73,1.51,25.66,2.53,1.71,47.82,-0.03,47.90,0.24
27.81,-25.68,2.75,26.08,2.53,1.71,47.82,-0.04,47.90,0.25
27.82,-25.73,2.81,26.02,2.53,1.70,47.82,-0.04,47.89,0.25
27.83,-25.95,3.10,25.79,2.53,1.70,47.83,-0.04,47.90,0.22
27.84,-25.44,2.43,25.09,2.53,1.69,47.83,-0.05,47.90,0.23
27.85,-25.42,2.40,24.99,2.53,1.69,47.82,-0.04,47.89,0.24
27.86,-24.94,2.20,24.80,2.50,1.70,47.83,-0.05,47.89,0.27
27.87,-25.28,2.64,24.27,2.50,1.70,47.81,-0.05,47.90,0.26
27.88,-25.58,3.04,24.15,2.50,1.70,47.81,-0.04,47.89,0.22
27.89,-25.47,2.89,24.50,2.50,1.70,47.82,-0.02,47.89,0.20
27.90,-24.84,2.06,24.94,2.50,1.70,47.81,-0.02,47.89,0.22
27.91,-25.09,2.38,24.87,2.50,1.69,47.83,-0.04,47.88,0.26
27.92,-24.85,2.08,24.23,2.50,1.69,47.82,-0.04,47.90,0.28
27.93,-25.07,2.35,23.78,2.50,1.68,47.81,-0.05,47.90,0.20
27.94,-24.99,2.24,24.18,2.50,1.68,47.82,-0.04,47.89,0.21
27.95,-24.81,2.00,24.29,2.50,1.68,47.82,-0.03,47.89,0.26
27.96,-24.44,1.94,25.22,2.47,1.68,47.81,-0.04,47.89,0.27
27.97,-24.65,2.22,25.08,2.47,1.66,47.82,-0.04,47.90,0.27
27.98,-24.41,1.89,24.63,2.47,1.65,47.82,-0.04,47.89,0.27
27.99,-23.94,1.27,24.49,2.47,1.64,47.82,-0.02,47.89,0.21
28.00,-23.19,0.29,24.46,2.47,1.64,47.82,-0.01,47.89,0.20
28.01,-22.76,-0.27,24.73,2.47,1.64,47.82,-0.02,47.88,0.26
28.02,-23.52,0.72,25.07,2.47,1.64,47.82,-0.03,47.89,0.27
28.03,-23.70,0.96,24.48,2.47,1.64,47.82,-0.03,47.90,0.30
28.04,-24.68,2.23,24.20,2.47,1.64,47.82,-0.04,47.89,0.21
28.05,-23.93,1.25,23.83,2.47,1.64,47.81,-0.02,47.90,0.20
28.06,-24.07,1.43,24.02,2.43,1.64,47.82,-0.04,47.89,0.26
28.07,-23.78,1.49,23.88,2.43,1.64,47.82,-0.03,47.90,0.24
28.08,-24.44,2.35,23.78,2.43,1.63,47.82,-0.04,47.90,0.21
28.09,-24.20,2.04,23.60,2.43,1.62,47.83,-0.02,47.89,0.28
28.10,-24.25,2.09,23.75,2.43,1.62,47.83,-0.03,47.89,0.21
28.11,-24.10,1.90,23.81,2.43,1.61,47.83,-0.05,47.89,0.23
28.12,-24.30,2.15,23.77,2.43,1.60,47.81,-0.04,47.90,0.28
28.13,-24.70,2.66,24.21,2.43,1.60,47.82,-0.03,47.89,0.22
28.14,-24.18,1.99,24.40,2.43,1.59,47.82,-0.04,47.89,0.19
28.15,-24.14,1.92,24.48,2.43,1.57,47.82,-0.04,47.90,0.23
28.16,-24.17,1.96,24.28,2.43,1.55,47.82,-0.04,47.89,0.26
28.17,-23.92,2.08,23.95,2.40,1.54,47.82,-0.03,47.89,0.23
28.18,-23.78,1.88,23.97,2.40,1.54,47.82,-0.03,47.90,0.19
28.19,-23.89,2.02,24.41,2.40,1.54,47.82,-0.03,47.89,0.25
28.20,-23.37,1.35,24.46,2.40,1.53,47.82,-0.03,47.90,0.27
28.21,-23.88,2.02,24.12,2.40,1.53,47.82,-0.03,47.90,0.23
28.22,-23.78,1.88,23.35,2.40,1.52,47.81,-0.03,47.89,0.20
28.23,-23.99,2.15,23.06,2.40,1.51,47.82,-0.02,47.88,0.27
28.24,-23.54,1.56,23.24,2.40,1.51,47.83,-0.03,47.89,0.18
28.25,-23.97,2.12,23.43,2.40,1.50,47.82,-0.04,47.89,0.25
28.26,-24.25,2.48,23.90,2.40,1.50,47.81,-0.02,47.89,0.21
28.27,-24.03,2.62,23.71,2.37,1.49,47.82,-0.04,47.89,0.22
28.28,-23.87,2.40,23.62,2.37,1.48,47.82,-0.03,47.89,0.26
28.29,-23.59,2.04,22.83,2.37,1.47,47.83,-0.05,47.91,0.20
28.30,-23.53,1.95,22.56,2.37,1.46,47.83,-0.04,47.89,0.25
28.31,-22.73,0.90,22.92,2.37,1.46,47.81,-0.02,47.89,0.19
28.32,-22.30,0.33,23.85,2.37,1.46,47.82,-0.02,47.90,0.26
28.33,-21.81,-0.31,24.32,2.37,1.46,47.82,-0.02,47.89,0.22
28.34,-23.08,1.35,24.22,2.37,1.45,47.81,-0.03,47.89,0.20
28.35,-23.80,2.29,24.16,2.37,1.45,47.82,-0.03,47.89,0.24
28.36,-23.91,2.42,23.49,2.37,1.45,47.82,-0.03,47.88,0.24
28.37,-23.39,2.18,23.51,2.33,1.46,47.82,-0.03,47.89,0.20
28.38,-23.55,2.40,23.05,2.33,1.46,47.82,-0.02,47.89,0.24
28.39,-23.97,2.94,22.81,2.33,1.46,47.82,-0.04,47.90,0.18
28.40,-23.56,2.40,22.61,2.33,1.47,47.82,-0.02,47.89,0.24
28.41,-23.52,2.34,23.25,2.33,1.47,47.82,-0.03,47.90,0.18
28.42,-23.02,1.68,23.24,2.33,1.48,47.82,-0.03,47.89,0.25
28.43,-23.19,1.91,22.94,2.33,1.48,47.82,-0.03,47.90,0.18
28.44,-22.98,1.63,22.66,2.33,1.47,47.82,-0.02,47.89,0.25
28.45,-22.62,1.15,22.94,2.33,1.47,47.82,-0.02,47.89,0.17
28.46,-22.26,0.68,22.95,2.33,1.47,47.81,-0.02,47.89,0.27
28.47,-22.85,1.88,22.90,2.30,1.48,47.82,-0.04,47.89,0.18
28.48,-23.50,2.73,23.07,2.30,1.49,47.81,-0.03,47.89,0.26
28.49,-23.13,2.23,22.46,2.30,1.49,47.82,-0.04,47.90,0.18
28.50,-22.92,1.96,22.62,2.30,1.49,47.82,-0.03,47.88,0.21
28.51,-22.65,1.59,22.58,2.30,1.49,47.82,-0.03,47.90,0.21
28.52,-22.46,1.35,23.13,2.30,1.49,47.82,-0.02,47.90,0.21
28.53,-21.82,0.51,23.43,2.30,1.49,47.82,-0.02,47.89,0.18
28.54,-22.10,0.88,23.27,2.30,1.50,47.82,-0.02,47.89,0.25
28.55,-22.94,1.97,22.87,2.30,1.50,47.83,-0.03,47.89,0.20
28.56,-23.37,2.53,22.63,2.30,1.50,47.83,-0.02,47.89,0.24
28.57,-23.14,2.66,22.80,2.27,1.50,47.82,-0.03,47.89,0.18
28.58,-23.47,3.08,22.67,2.27,1.50,47.83,-0.03,47.88,0.23
28.59,-23.27,2.82,22.45,2.27,1.50,47.82,-0.03,47.90,0.21
28.60,-22.20,1.42,22.34,2.27,1.50,47.81,-0.03,47.90,0.19
28.61,-21.94,1.08,22.90,2.27,1.51,47.82,-0.02,47.89,0.22
28.62,-21.89,1.02,22.84,2.27,1.52,47.82,-0.02,47.89,0.18
28.63,-22.74,2.13,22.23,2.27,1.53,47.82,-0.02,47.89,0.25
28.64,-22.20,1.42,22.01,2.27,1.53,47.82,-0.02,47.89,0.18
28.65,-22.39,1.65,21.90,2.27,1.54,47.82,-0.04,47.89,0.17
28.66,-22.92,2.34,22.09,2.27,1.55,47.82,-0.02,47.89,0.25
28.67,-22.37,1.61,22.49,2.23,1.56,47.82,-0.02,47.90,0.19
28.68,-21.63,1.07,22.59,2.23,1.55,47.81,-0.02,47.89,0.21
28.69,-21.17,0.47,22.26,2.23,1.55,47.82,-0.02,47.89,0.24
28.70,-21.87,1.38,21.84,2.23,1.55,47.82,-0.03,47.88,0.17
28.71,-22.11,1.70,22.04,2.23,1.56,47.82,-0.03,47.89,0.19
28.72,-22.49,2.20,22.42,2.23,1.56,47.82,-0.01,47.89,0.23
28.73,-22.75,2.53,22.52,2.23,1.56,47.81,-0.03,47.90,0.18
28.74,-23.01,2.86,22.62,2.23,1.56,47.82,-0.02,47.89,0.23
28.75,-22.62,2.35,22.46,2.23,1.57,47.81,-0.02,47.89,0.17
28.76,-21.64,1.07,22.11,2.23,1.57,47.81,-0.03,47.88,0.18
28.77,-21.84,1.32,21.74,2.23,1.57,47.82,-0.02,47.90,0.24
28.78,-21.54,1.37,21.49,2.20,1.57,47.82,-0.01,47.89,0.23
28.79,-21.93,1.87,21.89,2.20,1.57,47.82,-0.02,47.89,0.16
28.80,-22.06,2.05,22.18,2.20,1.57,47.81,-0.02,47.89,0.19
28.81,-22.09,2.08,21.88,2.20,1.57,47.82,-0.02,47.89,0.23
28.82,-21.31,1.06,21.95,2.20,1.57,47.81,-0.02,47.90,0.17
28.83,-21.25,0.97,21.64,2.20,1.57,47.82,-0.03,47.90,0.16
28.84,-21.74,1.62,20.98,2.20,1.57,47.82,-0.03,47.88,0.21
28.85,-21.82,1.72,21.03,2.20,1.57,47.82,-0.02,47.89,0.22
28.86,-21.56,1.37,21.42,2.20,1.57,47.82,-0.02,47.90,0.22
28.87,-21.59,1.41,21.78,2.20,1.58,47.83,-0.02,47.89,0.21
28.88,-21.44,1.64,21.81,2.17,1.58,47.82,-0.02,47.90,0.16
28.89,-21.31,1.46,21.63,2.17,1.58,47.82,-0.02,47.89,0.20
28.90,-20.95,0.99,21.70,2.17,1.58,47.81,-0.02,47.90,0.22
28.91,-21.54,1.75,21.28,2.17,1.58,47.82,-0.02,47.89,0.20
28.92,-21.56,1.79,21.55,2.17,1.58,47.82,-0.03,47.89,0.17
28.93,-21.61,1.83,21.93,2.17,1.58,47.82,-0.03,47.89,0.15
28.94,-21.72,1.98,22.17,2.17,1.58,47.82,-0.02,47.89,0.25
28.95,-21.40,1.55,21.73,2.17,1.58,47.82,-0.01,47.89,0.19
28.96,-21.00,1.03,21.61,2.17,1.58,47.82,-0.02,47.90,0.16
28.97,-20.92,0.92,21.07,2.17,1.58,47.82,-0.02,47.90,0.17
28.98,-21.76,2.46,20.50,2.13,1.58,47.81,-0.01,47.90,0.18
28.99,-21.92,2.66,20.81,2.13,1.58,47.83,-0.01,47.90,0.17
29.00,-20.91,1.33,20.85,2.13,1.58,47.82,-0.02,47.90,0.20
29.01,-20.80,1.19,21.47,2.13,1.58,47.81,-0.01,47.88,0.21
29.02,-20.32,0.55,21.20,2.13,1.58,47.82,-0.01,47.90,0.20
29.03,-20.84,1.23,21.17,2.13,1.58,47.82,-0.02,47.90,0.17
29.04,-21.62,2.25,20.96,2.13,1.57,47.82,-0.03,47.89,0.15
29.05,-21.97,2.69,20.34,2.13,1.57,47.83,-0.03,47.89,0.15
29.06,-20.78,1.14,20.67,2.13,1.56,47.82,-0.03,47.89,0.14
29.07,-20.25,0.44,20.64,2.13,1.56,47.82,-0.02,47.89,0.15
29.08,-20.94,1.78,20.89,2.10,1.55,47.81,-0.02,47.90,0.15
29.09,-21.01,1.86,21.48,2.10,1.55,47.82,-0.02,47.89,0.18
29.10,-21.95,3.09,21.16,2.10,1.55,47.82,-0.01,47.89,0.23
29.11,-21.64,2.68,20.96,2.10,1.55,47.83,-0.02,47.90,0.22
29.12,-20.26,0.86,20.94,2.10,1.54,47.82,-0.02,47.89,0.20
29.13,-20.65,1.38,20.82,2.10,1.52,47.82,-0.02,47.89,0.21
29.14,-21.09,1.95,20.95,2.10,1.51,47.82,-0.02,47.90,0.16
29.15,-21.20,2.09,21.20,2.10,1.50,47.83,-0.03,47.89,0.13
29.16,-21.19,2.08,20.88,2.10,1.49,47.82,-0.02,47.89,0.16
29.17,-20.95,1.76,20.43,2.10,1.48,47.82,-0.02,47.89,0.15
29.18,-20.21,1.22,20.38,2.07,1.48,47.82,-0.02,47.90,0.15
29.19,-19.95,0.89,20.12,2.07,1.48,47.82,-0.02,47.90,0.15
29.20,-20.45,1.53,20.05,2.07,1.47,47.83,-0.01,47.89,0.15
29.21,-20.26,1.29,20.36,2.07,1.46,47.82,-0.02,47.90,0.14
29.22,-20.29,1.32,20.17,2.07,1.43,47.81,-0.01,47.89,0.14
29.23,-20.46,1.54,20.52,2.07,1.43,47.82,-0.02,47.90,0.15
29.24,-20.25,1.25,20.58,2.07,1.42,47.82,-0.02,47.90,0.14
29.25,-20.46,1.53,20.43,2.07,1.40,47.82,-0.02,47.90,0.14
29.26,-20.65,1.76,20.02,2.07,1.39,47.82,-0.02,47.90,0.15
29.27,-20.03,0.95,20.02,2.07,1.39,47.82,-0.02,47.90,0.13
29.28,-20.47,1.52,19.81,2.07,1.38,47.82,-0.02,47.89,0.18
29.29,-20.30,1.74,19.69,2.03,1.37,47.82,-0.02,47.89,0.17
29.30,-20.16,1.55,19.88,2.03,1.37,47.82,-0.02,47.90,0.19
29.31,-20.07,1.42,20.14,2.03,1.37,47.82,-0.02,47.89,0.21
29.32,-20.04,1.38,20.26,2.03,1.36,47.82,-0.02,47.90,0.21
29.33,-19.79,1.06,20.94,2.03,1.36,47.83,-0.01,47.89,0.19
29.34,-20.08,1.43,20.57,2.03,1.35,47.83,-0.02,47.90,0.21
29.35,-20.84,2.42,19.86,2.03,1.35,47.82,-0.01,47.90,0.20
29.36,-20.00,1.32,20.35,2.03,1.34,47.82,-0.01,47.89,0.19
29.37,-19.81,1.07,19.78,2.03,1.33,47.82,-0.01,47.89,0.21
29.38,-20.35,1.77,20.05,2.03,1.33,47.82,-0.01,47.89,0.21
29.39,-19.98,1.72,20.19,2.00,1.32,47.82,-0.01,47.90,0.18
29.40,-20.23,2.04,19.60,2.00,1.31,47.81,-0.01,47.90,0.17
29.41,-19.71,1.36,19.69,2.00,1.30,47.83,-0.02,47.88,0.15
29.42,-19.10,0.55,19.83,2.00,1.30,47.82,-0.02,47.90,0.15
29.43,-19.89,1.59,19.50,2.00,1.29,47.82,-0.02,47.90,0.14
29.44,-20.13,1.90,19.46,2.00,1.29,47.82,-0.02,47.90,0.16
29.45,-19.35,0.87,19.67,2.00,1.28,47.83,-0.01,47.89,0.19
29.46,-19.65,1.26,19.77,2.00,1.28,47.81,-0.01,47.89,0.20
29.47,-19.96,1.65,19.82,2.00,1.27,47.81,-0.01,47.89,0.19
29.48,-19.91,1.59,19.91,2.00,1.27,47.83,-0.02,47.89,0.16
29.49,-19.40,1.35,19.66,1.97,1.26,47.82,-0.01,47.90,0.14
29.50,-18.49,0.16,19.29,1.97,1.26,47.82,-0.01,47.89,0.15
29.51,-19.23,1.12,18.84,1.97,1.26,47.82,-0.01,47.89,0.20
29.52,-20.07,2.21,18.94,1.97,1.25,47.82,-0.01,47.89,0.18
29.53,-19.01,0.81,19.41,1.97,1.25,47.82,-0.02,47.89,0.14
29.54,-18.54,0.21,19.46,1.97,1.25,47.83,-0.02,47.89,0.15
29.55,-18.80,0.54,19.69,1.97,1.24,47.83,-0.01,47.90,0.13
29.56,-19.94,2.03,19.83,1.97,1.23,47.81,-0.02,47.90,0.18
29.57,-20.85,3.21,19.60,1.97,1.22,47.82,-0.00,47.90,0.20
29.58,-19.53,1.49,19.53,1.97,1.22,47.82,-0.01,47.90,0.19
29.59,-18.80,0.97,19.68,1.93,1.21,47.81,-0.01,47.90,0.14
29.60,-19.20,1.49,19.13,1.93,1.20,47.82,-0.01,47.90,0.13
29.61,-19.13,1.40,19.08,1.93,1.19,47.82,-0.01,47.90,0.17
29.62,-19.26,1.56,18.96,1.93,1.19,47.82,-0.01,47.89,0.20
29.63,-18.67,0.79,18.95,1.93,1.18,47.82,-0.01,47.90,0.14
29.64,-18.87,1.05,19.60,1.93,1.18,47.82,-0.02,47.89,0.14
29.65,-19.50,1.87,19.27,1.93,1.17,47.82,-0.01,47.90,0.17
29.66,-18.88,1.06,18.77,1.93,1.17,47.83,-0.01,47.89,0.19
29.67,-18.68,0.80,18.59,1.93,1.16,47.82,-0.01,47.89,0.12
29.68,-19.41,1.74,18.54,1.93,1.16,47.81,-0.01,47.89,0.16
29.69,-18.98,1.62,18.90,1.90,1.15,47.82,-0.01,47.89,0.17
29.70,-18.81,1.39,18.84,1.90,1.15,47.83,-0.02,47.90,0.14
29.71,-18.50,0.97,18.83,1.90,1.15,47.83,-0.02,47.90,0.14
29.72,-18.48,0.95,18.84,1.90,1.14,47.83,-0.01,47.90,0.17
29.73,-19.12,1.78,18.56,1.90,1.14,47.83,-0.01,47.90,0.14
29.74,-19.16,1.83,18.71,1.90,1.14,47.81,-0.01,47.89,0.13
29.75,-19.09,1.73,18.63,1.90,1.14,47.82,-0.02,47.89,0.20
29.76,-19.31,2.01,18.73,1.90,1.15,47.83,-0.01,47.89,0.14
29.77,-18.18,0.54,19.18,1.90,1.15,47.81,-0.02,47.89,0.13
29.78,-18.92,1.50,19.10,1.90,1.16,47.82,-0.01,47.90,0.19
29.79,-18.76,1.73,19.31,1.87,1.16,47.82,-0.01,47.90,0.17
29.80,-18.52,1.40,18.64,1.87,1.16,47.83,-0.01,47.89,0.13
29.81,-18.18,0.96,18.18,1.87,1.16,47.82,-0.01,47.89,0.18
29.82,-17.44,-0.01,18.30,1.87,1.16,47.82,-0.01,47.89,0.13
29.83,-19.79,3.05,17.70,1.87,1.16,47.82,-0.01,47.89,0.16
29.84,-18.48,1.32,18.20,1.87,1.17,47.82,-0.01,47.90,0.14
29.85,-17.27,-0.25,17.99,1.87,1.18,47.82,-0.01,47.90,0.15
29.86,-18.97,1.97,18.28,1.87,1.19,47.81,-0.00,47.90,0.16
29.87,-19.38,2.50,18.49,1.87,1.19,47.82,-0.00,47.89,0.12
29.88,-17.51,0.04,18.08,1.87,1.20,47.83,-0.01,47.90,0.17
29.89,-18.00,0.69,18.35,1.83,1.20,47.82,-0.01,47.89,0.13
29.90,-18.57,1.87,18.16,1.83,1.20,47.82,-0.01,47.90,0.16
29.91,-18.03,1.15,17.33,1.83,1.20,47.83,-0.01,47.90,0.15
29.92,-17.42,0.35,17.65,1.83,1.20,47.82,-0.01,47.90,0.16
29.93,-18.21,1.38,17.63,1.83,1.21,47.83,-0.01,47.89,0.10
29.94,-17.99,1.08,18.13,1.83,1.21,47.82,-0.01,47.89,0.17
29.95,-17.06,-0.14,18.41,1.83,1.20,47.82,-0.01,47.88,0.15
29.96,-17.98,1.07,18.52,1.83,1.20,47.83,-0.01,47.91,0.13
29.97,-18.75,2.06,18.26,1.83,1.20,47.82,-0.02,47.89,0.18
29.98,-18.41,1.61,17.95,1.83,1.19,47.83,-0.01,47.90,0.12
29.99,-17.21,0.05,18.21,1.83,1.19,47.82,-0.01,47.90,0.17
30.00,-17.71,1.14,17.78,1.80,1.20,47.82,-0.01,47.89,0.11
30.01,-18.02,1.53,17.46,1.80,1.20,47.82,-0.01,47.90,0.16
30.02,-17.49,0.84,17.70,1.80,1.20,47.81,-0.01,47.91,0.12
30.03,-18.27,1.85,17.49,1.80,1.19,47.83,-0.01,47.89,0.17
30.04,-18.44,2.07,17.73,1.80,1.18,47.82,-0.01,47.91,0.11
30.05,-17.64,1.03,17.56,1.80,1.18,47.81,-0.01,47.90,0.18
30.06,-17.47,0.80,17.74,1.80,1.17,47.82,-0.01,47.89,0.11
30.07,-18.12,1.65,17.80,1.80,1.17,47.82,-0.01,47.90,0.18
30.08,-17.99,1.47,17.84,1.80,1.17,47.82,-0.01,47.91,0.12
30.09,-17.64,1.02,18.04,1.80,1.16,47.82,-0.02,47.90,0.16
30.10,-17.74,1.59,17.56,1.77,1.16,47.82,-0.00,47.89,0.11
30.11,-17.26,0.96,17.30,1.77,1.16,47.83,-0.01,47.90,0.16
30.12,-17.59,1.39,17.01,1.77,1.16,47.82,-0.01,47.89,0.14
30.13,-17.55,1.33,17.13,1.77,1.16,47.82,-0.01,47.90,0.11
30.14,-16.94,0.53,16.84,1.77,1.16,47.82,-0.01,47.89,0.18
30.15,-16.98,0.57,17.50,1.77,1.16,47.83,-0.01,47.90,0.11
30.16,-17.14,0.79,17.62,1.77,1.16,47.82,-0.02,47.89,0.16
30.17,-17.40,1.11,17.26,1.77,1.15,47.82,-0.01,47.90,0.13
30.18,-17.13,0.75,17.62,1.77,1.15,47.82,-0.01,47.89,0.12
30.19,-17.37,1.07,17.20,1.77,1.15,47.82,-0.01,47.90,0.17
30.20,-17.28,1.38,17.44,1.73,1.15,47.82,-0.01,47.90,0.11
30.21,-17.08,1.12,17.26,1.73,1.14,47.82,-0.01,47.89,0.16
30.22,-16.91,0.89,17.29,1.73,1.14,47.81,-0.01,47.89,0.11
30.23,-17.03,1.04,17.39,1.73,1.13,47.82,-0.01,47.88,0.12
30.24,-16.91,0.89,17.60,1.73,1.13,47.83,-0.01,47.89,0.16
30.25,-16.64,0.53,18.09,1.73,1.12,47.82,-0.01,47.90,0.10
30.26,-17.75,1.98,17.20,1.73,1.12,47.82,-0.01,47.89,0.17
30.27,-17.24,1.31,17.44,1.73,1.12,47.83,-0.01,47.90,0.12
30.28,-17.46,1.59,17.12,1.73,1.12,47.82,-0.00,47.89,0.13
30.29,-17.36,1.46,16.90,1.73,1.12,47.83,-0.01,47.90,0.15
30.30,-16.80,1.16,16.83,1.70,1.13,47.82,-0.00,47.89,0.13
30.31,-17.29,1.80,16.38,1.70,1.13,47.83,-0.00,47.89,0.11
30.32,-16.95,1.35,16.41,1.70,1.13,47.82,-0.01,47.89,0.13
30.33,-16.89,1.27,16.35,1.70,1.13,47.82,-0.00,47.89,0.15
30.34,-16.62,0.91,17.12,1.70,1.12,47.83,-0.01,47.90,0.10
30.35,-17.26,1.74,16.57,1.70,1.13,47.82,-0.01,47.90,0.13
30.36,-16.61,0.89,16.64,1.70,1.13,47.82,-0.01,47.89,0.14
30.37,-16.60,0.87,16.23,1.70,1.13,47.82,-0.01,47.90,0.14
30.38,-16.18,0.32,16.04,1.70,1.14,47.82,-0.01,47.89,0.12
30.39,-16.12,0.24,16.52,1.70,1.14,47.83,-0.01,47.90,0.10
30.40,-16.77,1.08,16.63,1.67,1.14,47.83,-0.01,47.90,0.14
30.41,-16.09,0.62,16.29,1.67,1.14,47.84,-0.01,47.89,0.16
30.42,-16.31,0.91,16.07,1.67,1.14,47.82,-0.01,47.89,0.12
30.43,-17.01,1.81,15.92,1.67,1.13,47.82,-0.01,47.90,0.13
30.44,-15.64,0.02,15.54,1.67,1.13,47.82,-0.01,47.89,0.10
30.45,-16.60,1.28,16.04,1.67,1.13,47.82,-0.01,47.90,0.10
30.46,-17.16,1.99,16.68,1.67,1.13,47.83,-0.01,47.89,0.14
30.47,-14.96,-0.88,17.50,1.67,1.13,47.81,-0.01,47.89,0.13
30.48,-18.57,3.82,16.76,1.67,1.12,47.81,0.01,47.90,0.11
30.49,-17.13,1.94,16.69,1.67,1.11,47.82,-0.01,47.89,0.13
30.50,-15.49,-0.20,16.53,1.67,1.10,47.82,-0.01,47.89,0.16
30.51,-16.17,1.13,16.39,1.63,1.10,47.82,-0.00,47.90,0.13
30.52,-16.11,1.05,16.28,1.63,1.10,47.82,-0.00,47.90,0.10
30.53,-15.76,0.59,16.41,1.63,1.09,47.83,-0.00,47.88,0.12
30.54,-16.27,1.25,15.83,1.63,1.08,47.82,-0.00,47.90,0.13
30.55,-16.09,1.01,16.10,1.63,1.07,47.83,-0.01,47.89,0.13
30.56,-15.93,0.80,16.07,1.63,1.06,47.82,-0.00,47.90,0.16
30.57,-16.82,1.96,15.81,1.63,1.05,47.82,-0.00,47.89,0.12
30.58,-15.96,0.83,15.97,1.63,1.05,47.82,-0.01,47.89,0.13
30.59,-16.12,1.04,15.85,1.63,1.05,47.81,-0.00,47.90,0.09
30.60,-16.12,1.04,15.95,1.63,1.04,47.82,-0.01,47.90,0.09
30.61,-15.62,0.82,15.97,1.60,1.04,47.82,-0.00,47.90,0.12
30.62,-15.64,0.84,15.61,1.60,1.04,47.82,-0.01,47.89,0.13
30.63,-15.67,0.87,14.97,1.60,1.04,47.82,-0.00,47.90,0.13
30.64,-15.62,0.81,15.21,1.60,1.04,47.82,-0.01,47.89,0.11
30.65,-16.54,2.01,15.30,1.60,1.04,47.82,0.00,47.90,0.11
30.66,-15.62,0.80,16.03,1.60,1.04,47.83,-0.01,47.90,0.13
30.67,-16.43,1.85,15.46,1.60,1.04,47.82,-0.00,47.90,0.13
30.68,-15.69,0.89,15.83,1.60,1.04,47.83,-0.01,47.89,0.13
30.69,-15.55,0.70,15.23,1.60,1.04,47.82,-0.01,47.89,0.14
30.70,-15.60,0.75,15.23,1.60,1.04,47.82,-0.01,47.89,0.13
30.71,-15.00,0.41,15.41,1.57,1.04,47.82,-0.01,47.90,0.13
30.72,-15.44,0.98,15.53,1.57,1.03,47.82,-0.00,47.89,0.13
30.73,-15.56,1.12,15.15,1.57,1.03,47.82,-0.01,47.90,0.13
30.74,-15.10,0.52,15.61,1.57,1.02,47.81,-0.01,47.89,0.12
30.75,-16.36,2.17,15.52,1.57,1.02,47.82,-0.01,47.90,0.12
30.76,-15.11,0.52,16.15,1.57,1.02,47.83,-0.00,47.90,0.11
30.77,-15.58,1.14,15.94,1.57,1.02,47.82,-0.01,47.89,0.09
30.78,-15.57,1.12,16.42,1.57,1.01,47.81,-0.01,47.91,0.10
30.79,-15.03,0.42,16.10,1.57,1.01,47.82,-0.01,47.90,0.11
30.80,-16.14,1.86,15.90,1.57,1.01,47.84,0.00,47.89,0.12
30.81,-15.63,1.64,15.77,1.53,1.00,47.82,0.00,47.90,0.13
30.82,-15.33,1.24,15.28,1.53,1.00,47.82,0.00,47.89,0.11
30.83,-15.18,1.04,13.89,1.53,1.00,47.84,-0.01,47.89,0.10
30.84,-14.73,0.45,14.69,1.53,1.00,47.82,-0.00,47.90,0.08
30.85,-15.70,1.72,15.00,1.53,0.99,47.82,-0.00,47.90,0.10
30.86,-13.92,-0.62,15.37,1.53,0.99,47.82,-0.01,47.90,0.09
30.87,-16.21,2.37,14.93,1.53,0.98,47.83,0.00,47.90,0.10
30.88,-14.76,0.46,14.99,1.53,0.98,47.82,-0.01,47.89,0.10
30.89,-14.80,0.52,14.95,1.53,0.98,47.83,-0.00,47.90,0.13
30.90,-15.41,1.30,14.64,1.53,0.98,47.82,-0.01,47.90,0.12
30.91,-14.24,0.22,14.78,1.50,0.98,47.83,-0.00,47.90,0.13
30.92,-15.03,1.25,15.04,1.50,0.98,47.83,0.00,47.90,0.12
30.93,-14.11,0.03,14.02,1.50,0.98,47.82,-0.00,47.89,0.11
30.94,-15.11,1.34,13.77,1.50,0.99,47.81,0.00,47.89,0.10
30.95,-15.06,1.26,14.03,1.50,1.00,47.83,-0.01,47.90,0.10
30.96,-13.49,-0.78,14.83,1.50,1.00,47.82,-0.00,47.90,0.13
30.97,-15.35,1.62,14.64,1.50,1.00,47.83,-0.01,47.90,0.12
30.98,-12.73,-1.79,14.84,1.50,1.00,47.82,-0.00,47.90,0.11
30.99,-17.18,4.02,14.51,1.50,1.00,47.82,0.01,47.90,0.09
31.00,-13.48,-0.83,14.46,1.50,0.99,47.81,-0.00,47.89,0.09
31.01,-16.23,3.20,14.63,1.47,0.99,47.82,0.02,47.89,0.09
31.02,-13.86,0.09,14.58,1.47,0.98,47.82,-0.00,47.90,0.11
31.03,-12.89,-1.17,14.93,1.47,0.98,47.82,-0.01,47.89,0.11
31.04,-15.89,2.74,13.96,1.47,0.97,47.82,-0.00,47.89,0.12
31.05,-14.30,0.66,14.53,1.47,0.96,47.81,-0.01,47.90,0.09
31.06,-15.21,1.85,14.56,1.47,0.96,47.82,0.00,47.89,0.08
31.07,-13.60,-0.26,14.97,1.47,0.96,47.82,-0.00,47.90,0.08
31.08,-15.04,1.62,14.70,1.47,0.95,47.81,0.01,47.89,0.08
31.09,-14.11,0.40,15.07,1.47,0.95,47.82,-0.00,47.90,0.10
31.10,-14.18,0.49,14.15,1.47,0.94,47.83,-0.00,47.90,0.12
31.11,-14.70,1.16,14.39,1.43,0.93,47.82,-0.01,47.90,0.10
31.12,-13.41,-0.09,14.26,1.43,0.92,47.82,-0.00,47.89,0.09
31.13,-14.93,1.89,14.40,1.43,0.92,47.83,0.01,47.88,0.09
31.14,-13.73,0.33,14.01,1.43,0.91,47.82,-0.00,47.90,0.09
31.15,-14.49,1.32,13.55,1.43,0.91,47.82,-0.00,47.88,0.13
31.16,-14.79,1.71,13.96,1.43,0.90,47.83,0.00,47.89,0.09
31.17,-13.91,0.55,14.02,1.43,0.89,47.82,-0.00,47.89,0.09
31.18,-13.48,-0.02,13.92,1.43,0.89,47.82,-0.00,47.89,0.11
31.19,-14.11,0.81,13.64,1.43,0.89,47.82,0.00,47.89,0.12
31.20,-14.58,1.41,14.15,1.43,0.89,47.82,-0.00,47.90,0.08
31.21,-13.51,0.02,14.16,1.43,0.89,47.83,-0.00,47.90,0.07
31.22,-14.08,1.20,13.74,1.40,0.89,47.83,-0.00,47.90,0.10
31.23,-13.21,0.05,13.65,1.40,0.88,47.82,-0.01,47.90,0.09
31.24,-14.57,1.83,13.52,1.40,0.88,47.82,0.00,47.90,0.08
31.25,-13.60,0.56,13.62,1.40,0.87,47.83,-0.00,47.90,0.09
31.26,-14.33,1.50,13.31,1.40,0.87,47.82,-0.01,47.90,0.09
31.27,-13.28,0.12,13.80,1.40,0.86,47.82,-0.01,47.90,0.08
31.28,-14.12,1.22,13.50,1.40,0.86,47.83,0.00,47.89,0.12
31.29,-13.36,0.22,14.02,1.40,0.86,47.82,-0.01,47.90,0.09
31.30,-14.22,1.34,13.71,1.40,0.86,47.82,0.00,47.89,0.07
31.31,-13.32,0.15,14.22,1.40,0.85,47.82,-0.00,47.91,0.11
31.32,-12.80,-0.08,13.89,1.37,0.84,47.82,-0.01,47.89,0.10
31.33,-13.89,1.33,13.06,1.37,0.83,47.82,-0.00,47.89,0.08
31.34,-13.29,0.55,13.22,1.37,0.82,47.82,-0.00,47.89,0.10
31.35,-13.45,0.76,13.52,1.37,0.82,47.82,-0.01,47.90,0.08
31.36,-13.48,0.79,13.54,1.37,0.81,47.82,-0.00,47.90,0.08
31.37,-13.74,1.12,13.39,1.37,0.81,47.82,-0.00,47.89,0.11
31.38,-13.73,1.11,14.01,1.37,0.80,47.82,-0.00,47.89,0.08
31.39,-13.38,0.65,13.97,1.37,0.79,47.83,-0.00,47.90,0.08
31.40,-13.07,0.24,13.87,1.37,0.79,47.82,-0.00,47.90,0.09
31.41,-14.61,2.25,12.88,1.37,0.78,47.82,-0.00,47.90,0.09
31.42,-13.03,0.62,13.38,1.33,0.77,47.83,-0.00,47.89,0.09
31.43,-13.82,1.65,13.18,1.33,0.77,47.82,0.01,47.89,0.10
31.44,-12.64,0.10,13.25,1.33,0.77,47.82,-0.00,47.90,0.07
31.45,-13.74,1.53,13.05,1.33,0.77,47.83,0.00,47.91,0.09
31.46,-13.31,0.98,13.57,1.33,0.76,47.82,0.00,47.90,0.09
31.47,-12.94,0.49,13.72,1.33,0.76,47.83,-0.00,47.90,0.08
31.48,-12.47,-0.13,12.99,1.33,0.77,47.82,-0.00,47.89,0.10
31.49,-13.80,1.61,12.21,1.33,0.77,47.83,0.01,47.90,0.08
31.50,-13.14,0.73,12.69,1.33,0.77,47.82,-0.00,47.90,0.09
31.51,-12.67,0.13,12.91,1.33,0.77,47.82,-0.00,47.90,0.08
31.52,-12.83,0.76,12.97,1.30,0.77,47.82,-0.00,47.89,0.09
31.53,-13.46,1.59,12.75,1.30,0.77,47.82,0.01,47.90,0.08
31.54,-12.01,-0.33,13.07,1.30,0.77,47.82,0.00,47.90,0.09
31.55,-12.97,0.93,12.49,1.30,0.77,47.82,0.00,47.90,0.07
31.56,-12.87,0.80,12.17,1.30,0.77,47.82,-0.01,47.89,0.10
31.57,-13.44,1.54,12.42,1.30,0.77,47.83,0.00,47.90,0.08
31.58,-11.68,-0.77,13.01,1.30,0.77,47.82,-0.00,47.90,0.09
31.59,-13.87,2.10,13.05,1.30,0.77,47.82,0.00,47.90,0.07
31.60,-12.04,-0.32,12.66,1.30,0.77,47.82,0.00,47.89,0.10
31.61,-13.98,2.23,12.29,1.30,0.77,47.83,0.01,47.90,0.08
31.62,-11.95,0.01,12.82,1.27,0.77,47.81,-0.00,47.90,0.09
31.63,-12.93,1.29,12.85,1.27,0.77,47.82,0.00,47.90,0.08
31.64,-11.66,-0.39,12.73,1.27,0.77,47.82,0.00,47.90,0.09
31.65,-13.60,2.16,11.78,1.27,0.76,47.83,0.01,47.90,0.08
31.66,-12.20,0.32,12.53,1.27,0.76,47.83,-0.00,47.89,0.06
31.67,-13.86,2.49,12.69,1.27,0.76,47.83,0.01,47.89,0.08
31.68,-11.51,-0.59,12.72,1.27,0.76,47.82,-0.00,47.89,0.07
31.69,-13.96,2.62,12.27,1.27,0.75,47.82,0.02,47.90,0.08
31.70,-12.36,0.52,12.83,1.27,0.75,47.81,-0.00,47.89,0.07
31.71,-12.92,1.25,13.03,1.27,0.74,47.83,0.00,47.90,0.08
31.72,-11.83,-0.17,12.55,1.23,0.74,47.82,-0.00,47.89,0.06
31.73,-12.70,1.39,11.78,1.23,0.74,47.83,-0.00,47.88,0.10
31.74,-12.49,1.11,12.29,1.23,0.74,47.83,-0.00,47.90,0.08
31.75,-12.19,0.72,12.09,1.23,0.74,47.82,0.00,47.91,0.06
31.76,-11.98,0.45,12.44,1.23,0.74,47.82,-0.00,47.90,0.08
31.77,-12.11,0.60,11.76,1.23,0.74,47.80,-0.00,47.90,0.06
31.78,-11.48,-0.22,12.13,1.23,0.74,47.82,-0.00,47.89,0.07
31.79,-13.12,1.92,12.21,1.23,0.74,47.82,-0.00,47.90,0.08
31.80,-11.77,0.16,12.43,1.23,0.74,47.81,-0.00,47.90,0.06
31.81,-11.72,0.09,12.38,1.23,0.74,47.83,-0.00,47.90,0.08
31.82,-12.47,1.06,11.86,1.23,0.75,47.82,0.01,47.89,0.06
31.83,-11.65,0.42,11.93,1.20,0.75,47.82,-0.00,47.89,0.07
31.84,-11.65,0.43,11.56,1.20,0.75,47.82,-0.00,47.90,0.08
31.85,-11.94,0.79,11.01,1.20,0.75,47.82,-0.00,47.88,0.08
31.86,-11.94,0.79,10.73,1.20,0.75,47.83,-0.00,47.89,0.07
31.87,-10.98,-0.47,11.49,1.20,0.75,47.82,-0.00,47.89,0.06
31.88,-12.90,2.04,11.59,1.20,0.75,47.82,0.00,47.90,0.08
31.89,-10.87,-0.62,12.23,1.20,0.75,47.82,-0.00,47.89,0.08
31.90,-12.47,1.46,11.39,1.20,0.75,47.83,-0.00,47.90,0.06
31.91,-11.62,0.35,11.48,1.20,0.75,47.82,-0.01,47.90,0.07
31.92,-12.16,1.05,12.01,1.20,0.74,47.82,-0.00,47.90,0.08
31.93,-10.52,-0.66,11.42,1.17,0.74,47.82,-0.00,47.90,0.07
31.94,-11.43,0.52,11.33,1.17,0.74,47.82,-0.00,47.90,0.06
31.95,-11.44,0.54,10.95,1.17,0.73,47.83,-0.00,47.90,0.06
31.96,-10.94,-0.12,11.25,1.17,0.73,47.82,-0.00,47.90,0.07
31.97,-12.61,2.06,12.11,1.17,0.73,47.83,-0.00,47.89,0.08
31.98,-10.77,-0.35,11.83,1.17,0.72,47.82,-0.00,47.89,0.05
31.99,-12.12,1.41,10.95,1.17,0.72,47.82,-0.00,47.90,0.07
32.00,-11.18,0.18,11.59,1.17,0.71,47.82,-0.00,47.89,0.07
32.01,-11.68,0.83,11.20,1.17,0.71,47.82,-0.00,47.89,0.07
32.02,-10.86,-0.24,11.50,1.17,0.71,47.82,-0.00,47.89,0.08
32.03,-11.38,0.86,11.03,1.13,0.70,47.82,-0.00,47.90,0.06
32.04,-10.64,-0.10,11.22,1.13,0.70,47.82,0.00,47.90,0.06
32.05,-11.17,0.58,11.49,1.13,0.69,47.81,-0.00,47.89,0.08
32.06,-11.57,1.10,11.30,1.13,0.69,47.82,0.00,47.90,0.06
32.07,-10.11,-0.81,11.24,1.13,0.69,47.82,-0.00,47.90,0.06
32.08,-12.16,1.86,11.24,1.13,0.69,47.82,-0.00,47.90,0.06
32.09,-10.26,-0.62,10.94,1.13,0.68,47.82,-0.00,47.90,0.06
32.10,-11.38,0.84,11.37,1.13,0.69,47.81,-0.00,47.89,0.08
32.11,-10.82,0.11,11.78,1.13,0.69,47.82,-0.00,47.89,0.07
32.12,-10.22,-0.69,10.94,1.13,0.69,47.81,0.00,47.90,0.05
32.13,-12.59,2.84,10.33,1.10,0.69,47.82,0.01,47.89,0.06
32.14,-9.76,-0.86,10.82,1.10,0.69,47.82,0.00,47.89,0.05
32.15,-12.46,2.67,10.68,1.10,0.69,47.82,0.01,47.89,0.05
32.16,-9.92,-0.66,11.57,1.10,0.69,47.82,0.00,47.90,0.06
32.17,-10.51,0.11,10.12,1.10,0.69,47.82,-0.00,47.90,0.07
32.18,-11.38,1.25,10.36,1.10,0.69,47.82,0.01,47.91,0.07
32.19,-9.95,-0.63,11.16,1.10,0.70,47.81,0.00,47.89,0.07
32.20,-12.80,3.10,10.62,1.10,0.70,47.82,0.03,47.90,0.06
32.21,-9.91,-0.69,11.01,1.10,0.70,47.81,0.00,47.89,0.06
32.22,-11.32,1.15,10.91,1.10,0.70,47.82,-0.00,47.90,0.06
32.23,-10.54,0.57,10.58,1.07,0.70,47.83,-0.00,47.90,0.05
32.24,-10.03,-0.10,10.57,1.07,0.70,47.82,-0.00,47.91,0.05
32.25,-10.84,0.96,10.79,1.07,0.71,47.82,0.01,47.89,0.05
32.26,-10.11,-0.02,10.01,1.07,0.71,47.82,0.01,47.89,0.07
32.27,-10.90,1.02,8.95,1.07,0.70,47.82,-0.01,47.90,0.05
32.28,-10.24,0.16,10.05,1.07,0.71,47.81,-0.00,47.89,0.05
32.29,-9.16,-1.27,10.12,1.07,0.71,47.82,0.01,47.89,0.04
32.30,-12.21,2.72,10.74,1.07,0.71,47.82,0.02,47.90,0.05
32.31,-9.44,-0.91,11.51,1.07,0.71,47.82,0.00,47.89,0.06
32.32,-11.67,2.00,10.27,1.07,0.70,47.82,-0.00,47.90,0.06
32.33,-9.60,-0.71,10.42,1.03,0.70,47.82,-0.00,47.90,0.06
32.34,-9.75,-0.08,10.27,1.03,0.70,47.82,-0.00,47.90,0.06
32.35,-10.43,0.82,9.88,1.03,0.71,47.81,0.01,47.89,0.05
32.36,-9.34,-0.63,9.67,1.03,0.71,47.82,0.01,47.89,0.05
32.37,-11.09,1.66,9.71,1.03,0.71,47.82,-0.00,47.90,0.05
32.38,-8.98,-1.10,10.19,1.03,0.71,47.83,-0.00,47.89,0.04
32.39,-9.84,0.01,10.04,1.03,0.71,47.82,-0.00,47.89,0.05
32.40,-11.69,2.43,11.02,1.03,0.71,47.83,0.02,47.89,0.05
32.41,-9.47,-0.48,10.50,1.03,0.70,47.82,0.00,47.89,0.06
32.42,-11.32,1.94,9.71,1.03,0.69,47.82,0.00,47.90,0.05
32.43,-8.83,-1.31,9.93,1.03,0.69,47.82,0.00,47.90,0.05
32.44,-10.53,1.35,9.64,1.00,0.69,47.83,0.01,47.90,0.04
32.45,-9.84,0.43,9.89,1.00,0.68,47.82,-0.00,47.89,0.05
32.46,-9.65,0.20,10.43,1.00,0.68,47.82,-0.00,47.89,0.05
32.47,-9.73,0.28,9.63,1.00,0.68,47.82,0.00,47.90,0.05
32.48,-9.64,0.17,9.57,1.00,0.67,47.82,0.00,47.89,0.05
32.49,-9.90,0.49,10.18,1.00,0.67,47.82,0.00,47.90,0.06
32.50,-10.41,1.17,9.77,1.00,0.67,47.81,0.00,47.90,0.06
32.51,-9.30,-0.29,9.83,1.00,0.67,47.82,-0.00,47.90,0.07
32.52,-9.85,0.43,9.80,1.00,0.68,47.82,-0.00,47.89,0.06
32.53,-10.59,1.40,9.55,1.00,0.68,47.82,0.01,47.89,0.05
32.54,-8.30,-1.16,9.81,0.97,0.68,47.83,0.00,47.90,0.06
32.55,-10.55,1.77,9.69,0.97,0.67,47.83,0.00,47.90,0.05
32.56,-8.62,-0.75,9.64,0.97,0.67,47.83,-0.00,47.89,0.05
32.57,-9.68,0.63,9.08,0.97,0.66,47.82,-0.00,47.90,0.05
32.58,-9.42,0.29,9.09,0.97,0.66,47.82,-0.00,47.90,0.06
32.59,-9.47,0.34,8.82,0.97,0.66,47.82,-0.00,47.90,0.05
32.60,-9.69,0.63,9.45,0.97,0.67,47.82,-0.00,47.90,0.05
32.61,-9.39,0.24,10.04,0.97,0.67,47.81,-0.00,47.89,0.04
32.62,-9.54,0.43,10.39,0.97,0.67,47.82,-0.00,47.89,0.04
32.63,-9.37,0.20,9.28,0.97,0.67,47.82,-0.00,47.89,0.05
32.64,-9.64,1.00,9.26,0.93,0.68,47.81,0.00,47.90,0.05
32.65,-8.18,-0.92,9.55,0.93,0.68,47.82,0.00,47.90,0.05
32.66,-10.68,2.34,8.62,0.93,0.69,47.82,0.00,47.90,0.05
32.67,-7.56,-1.74,8.59,0.93,0.70,47.82,0.01,47.90,0.05
32.68,-9.60,0.92,8.61,0.93,0.71,47.82,-0.00,47.90,0.05
32.69,-8.98,0.11,9.18,0.93,0.71,47.82,-0.00,47.90,0.04
32.70,-9.11,0.28,9.15,0.93,0.72,47.82,-0.00,47.89,0.05
32.71,-8.48,-0.55,9.65,0.93,0.73,47.82,-0.00,47.89,0.05
32.72,-10.68,2.32,9.95,0.93,0.73,47.83,0.01,47.90,0.04
32.73,-8.29,-0.81,9.24,0.93,0.73,47.82,0.00,47.90,0.04
32.74,-9.35,1.02,8.85,0.90,0.74,47.83,-0.00,47.90,0.05
32.75,-8.60,0.03,8.69,0.90,0.74,47.82,-0.00,47.90,0.04
32.76,-9.30,0.94,8.39,0.90,0.76,47.82,0.00,47.89,0.04
32.77,-7.68,-1.18,8.41,0.90,0.76,47.82,0.00,47.89,0.05
32.78,-9.90,1.71,8.36,0.90,0.76,47.83,0.00,47.89,0.04
32.79,-7.25,-1.76,8.84,0.90,0.77,47.82,0.01,47.90,0.04
32.80,-9.38,1.01,8.06,0.90,0.76,47.81,0.00,47.90,0.04
32.81,-8.38,-0.28,8.57,0.90,0.75,47.82,-0.00,47.90,0.05
32.82,-9.28,0.87,9.10,0.90,0.75,47.82,0.00,47.90,0.04
32.83,-8.54,-0.08,9.16,0.90,0.75,47.81,0.00,47.89,0.05
32.84,-9.48,1.14,9.16,0.87,0.74,47.83,0.00,47.91,0.05
32.85,-7.50,-1.02,8.03,0.87,0.74,47.81,0.00,47.89,0.05
32.86,-8.87,0.77,8.07,0.87,0.73,47.81,-0.00,47.89,0.03
32.87,-8.19,-0.11,7.38,0.87,0.72,47.82,0.00,47.90,0.04
32.88,-7.95,-0.45,8.20,0.87,0.71,47.81,0.02,47.90,0.04
32.89,-9.11,1.07,8.19,0.87,0.70,47.81,-0.00,47.90,0.05
32.90,-8.07,-0.29,9.36,0.87,0.69,47.82,-0.00,47.90,0.04
32.91,-8.31,0.02,8.69,0.87,0.68,47.83,-0.00,47.91,0.04
32.92,-7.89,-0.55,8.40,0.87,0.68,47.81,0.01,47.90,0.05
32.93,-9.27,1.27,8.70,0.87,0.67,47.83,0.01,47.90,0.04
32.94,-7.88,-0.56,8.38,0.87,0.66,47.82,0.01,47.90,0.03
32.95,-8.36,0.52,8.61,0.83,0.65,47.81,0.00,47.89,0.05
32.96,-7.84,-0.18,8.18,0.83,0.64,47.82,0.00,47.90,0.04
32.97,-8.79,1.07,8.40,0.83,0.63,47.82,-0.00,47.90,0.04
32.98,-6.65,-1.74,7.34,0.83,0.62,47.81,0.01,47.90,0.04
32.99,-9.96,2.57,7.14,0.83,0.62,47.83,-0.00,47.90,0.04
33.00,-6.43,-2.03,7.91,0.83,0.62,47.81,0.01,47.90,0.04
33.01,-8.66,0.86,8.76,0.83,0.62,47.82,0.00,47.89,0.03
33.02,-8.95,1.26,8.62,0.83,0.61,47.83,0.01,47.90,0.04
33.03,-7.32,-0.90,8.57,0.83,0.61,47.82,0.01,47.89,0.05
33.04,-8.72,0.95,8.26,0.83,0.60,47.82,0.00,47.90,0.04
33.05,-7.27,-0.52,7.92,0.80,0.60,47.82,0.00,47.90,0.04
33.06,-7.97,0.39,7.24,0.80,0.60,47.82,0.00,47.90,0.03
33.07,-7.04,-0.83,7.53,0.80,0.60,47.82,0.01,47.90,0.04
33.08,-8.78,1.44,7.83,0.80,0.60,47.82,0.00,47.89,0.03
33.09,-6.79,-1.16,8.06,0.80,0.59,47.83,-0.00,47.90,0.04
33.10,-8.42,0.96,8.19,0.80,0.58,47.83,-0.00,47.90,0.05
33.11,-6.86,-1.08,7.36,0.80,0.58,47.82,0.00,47.89,0.04
33.12,-9.01,1.72,7.52,0.80,0.57,47.81,-0.00,47.90,0.03
33.13,-6.79,-1.18,7.56,0.80,0.58,47.82,0.00,47.90,0.04
33.14,-7.68,-0.03,7.39,0.80,0.58,47.82,0.01,47.91,0.03
33.15,-9.19,2.40,7.84,0.77,0.58,47.82,0.02,47.91,0.03
33.16,-5.77,-2.09,7.80,0.77,0.58,47.81,0.01,47.89,0.03
33.17,-8.48,1.44,7.00,0.77,0.57,47.82,0.00,47.90,0.04
33.18,-6.73,-0.84,6.80,0.77,0.57,47.83,0.00,47.89,0.03
33.19,-7.72,0.44,6.72,0.77,0.57,47.83,0.00,47.90,0.04
33.20,-7.44,0.08,7.36,0.77,0.57,47.82,-0.00,47.90,0.03
33.21,-6.76,-0.82,7.73,0.77,0.56,47.82,0.01,47.89,0.03
33.22,-8.24,1.10,7.85,0.77,0.55,47.82,-0.00,47.90,0.03
33.23,-7.15,-0.31,7.88,0.77,0.55,47.83,-0.00,47.89,0.04
33.24,-8.25,1.12,7.46,0.77,0.55,47.83,-0.00,47.89,0.04
33.25,-6.93,-0.16,7.71,0.73,0.55,47.81,0.00,47.89,0.03
33.26,-7.40,0.44,6.46,0.73,0.55,47.83,-0.00,47.90,0.03
33.27,-7.13,0.09,7.31,0.73,0.54,47.81,-0.00,47.90,0.03
33.28,-6.28,-1.03,6.68,0.73,0.53,47.83,0.00,47.89,0.03
33.29,-8.24,1.52,7.17,0.73,0.53,47.82,-0.00,47.90,0.03
33.30,-6.28,-1.02,7.46,0.73,0.52,47.82,-0.00,47.89,0.03
33.31,-6.69,-0.51,6.72,0.73,0.52,47.82,0.01,47.90,0.03
33.32,-7.39,0.40,6.68,0.73,0.52,47.83,0.00,47.88,0.04
33.33,-7.46,0.50,6.68,0.73,0.50,47.82,-0.00,47.89,0.03
33.34,-6.49,-0.78,7.24,0.73,0.49,47.82,0.01,47.89,0.03
33.35,-7.24,0.64,7.21,0.70,0.48,47.82,-0.00,47.90,0.02
33.36,-6.55,-0.28,6.96,0.70,0.47,47.83,0.01,47.89,0.03
33.37,-8.02,1.66,6.96,0.70,0.46,47.81,0.01,47.91,0.03
33.38,-6.03,-0.96,7.29,0.70,0.45,47.82,0.01,47.90,0.03
33.39,-6.88,0.14,6.27,0.70,0.45,47.82,0.00,47.90,0.03
33.40,-7.25,0.63,5.69,0.70,0.44,47.82,-0.00,47.90,0.03
33.41,-5.98,-1.04,6.44,0.70,0.44,47.83,-0.00,47.90,0.03
33.42,-6.79,0.01,6.60,0.70,0.44,47.82,0.01,47.90,0.03
33.43,-6.59,-0.25,7.82,0.70,0.44,47.82,0.00,47.89,0.03
33.44,-7.78,1.31,6.87,0.70,0.43,47.83,-0.00,47.90,0.03
33.45,-6.66,-0.16,7.72,0.67,0.42,47.83,-0.00,47.90,0.03
33.46,-6.55,0.13,6.56,0.67,0.42,47.83,0.00,47.90,0.04
33.47,-6.51,0.07,6.18,0.67,0.42,47.83,0.00,47.89,0.03
33.48,-7.34,1.17,5.38,0.67,0.41,47.83,0.01,47.90,0.03
33.49,-4.68,-2.32,5.75,0.67,0.41,47.82,0.01,47.90,0.02
33.50,-7.44,1.28,6.35,0.67,0.41,47.83,-0.00,47.90,0.02
33.51,-5.48,-1.28,6.90,0.67,0.41,47.81,0.01,47.90,0.03
33.52,-7.55,1.42,7.57,0.67,0.41,47.83,-0.00,47.91,0.03
33.53,-6.22,-0.31,7.37,0.67,0.40,47.82,-0.00,47.89,0.03
33.54,-6.66,0.25,6.69,0.67,0.40,47.82,0.00,47.89,0.03
33.55,-6.26,-0.27,5.80,0.67,0.39,47.83,0.00,47.90,0.03
33.56,-6.77,0.83,5.82,0.63,0.39,47.82,0.00,47.89,0.02
33.57,-5.38,-0.99,6.28,0.63,0.40,47.83,0.01,47.90,0.03
33.58,-6.53,0.51,5.30,0.63,0.41,47.81,-0.00,47.89,0.02
33.59,-6.01,-0.18,6.66,0.63,0.41,47.82,0.00,47.90,0.02
33.60,-6.92,1.01,6.80,0.63,0.41,47.83,-0.00,47.90,0.02
33.61,-5.31,-1.09,6.57,0.63,0.40,47.83,0.01,47.89,0.03
33.62,-6.67,0.68,6.76,0.63,0.40,47.83,-0.00,47.89,0.02
33.63,-5.26,-1.16,5.50,0.63,0.39,47.82,0.00,47.90,0.03
33.64,-6.73,0.75,5.47,0.63,0.39,47.82,-0.00,47.89,0.03
33.65,-5.46,-0.90,5.94,0.63,0.40,47.82,-0.00,47.87,0.02
33.66,-5.97,0.19,6.17,0.60,0.40,47.82,0.01,47.91,0.02
33.67,-5.82,-0.00,6.41,0.60,0.40,47.82,-0.00,47.89,0.02
33.68,-6.26,0.57,6.24,0.60,0.40,47.83,-0.00,47.90,0.02
33.69,-5.35,-0.62,5.63,0.60,0.39,47.82,-0.00,47.89,0.03
33.70,-5.95,0.15,5.61,0.60,0.39,47.83,0.00,47.89,0.02
33.71,-5.38,-0.59,5.80,0.60,0.38,47.82,0.00,47.90,0.02
33.72,-5.65,-0.24,5.81,0.60,0.38,47.82,0.01,47.90,0.02
33.73,-6.71,1.14,4.85,0.60,0.38,47.82,-0.00,47.90,0.02
33.74,-5.05,-1.03,5.98,0.60,0.39,47.82,0.01,47.89,0.02
33.75,-6.07,0.29,6.04,0.60,0.39,47.83,0.00,47.89,0.02
33.76,-5.14,-0.49,6.01,0.57,0.38,47.82,0.00,47.89,0.02
33.77,-6.67,1.51,6.40,0.57,0.37,47.82,-0.00,47.89,0.02
33.78,-4.73,-1.03,5.33,0.57,0.37,47.83,-0.00,47.89,0.02
33.79,-5.39,-0.17,4.03,0.57,0.36,47.82,0.01,47.90,0.02
33.80,-5.84,0.41,4.70,0.57,0.36,47.82,0.00,47.90,0.02
33.81,-3.99,-2.02,4.86,0.57,0.36,47.82,0.04,47.90,0.02
33.82,-6.02,0.63,4.23,0.57,0.36,47.82,0.00,47.90,0.02
33.83,-4.88,-0.86,5.17,0.57,0.35,47.82,0.00,47.90,0.02
33.84,-5.74,0.25,6.18,0.57,0.35,47.82,0.00,47.90,0.02
33.85,-4.75,-1.04,5.75,0.57,0.34,47.82,0.00,47.88,0.02
33.86,-5.77,0.71,5.89,0.53,0.34,47.82,0.00,47.90,0.02
33.87,-6.08,1.14,5.94,0.53,0.33,47.82,0.01,47.90,0.02
33.88,-4.61,-0.79,4.86,0.53,0.32,47.83,0.01,47.90,0.02
33.89,-6.10,1.16,4.35,0.53,0.31,47.82,-0.00,47.89,0.02
33.90,-4.68,-0.70,4.28,0.53,0.31,47.82,0.00,47.90,0.02
33.91,-4.87,-0.47,4.83,0.53,0.31,47.82,0.01,47.90,0.01
33.92,-5.32,0.12,4.74,0.53,0.31,47.81,-0.00,47.89,0.01
33.93,-4.93,-0.39,4.16,0.53,0.31,47.83,0.01,47.90,0.02
33.94,-5.87,0.83,4.77,0.53,0.30,47.82,-0.00,47.90,0.01
33.95,-4.78,-0.60,6.55,0.53,0.29,47.82,0.00,47.89,0.01
33.96,-5.55,0.84,4.83,0.50,0.29,47.82,0.00,47.90,0.02
33.97,-4.64,-0.34,4.75,0.50,0.28,47.82,-0.00,47.90,0.02
33.98,-4.68,-0.29,4.74,0.50,0.28,47.82,0.00,47.90,0.02
33.99,-4.87,-0.05,4.30,0.50,0.28,47.82,0.00,47.89,0.02
34.00,-4.57,-0.45,3.00,0.50,0.27,47.82,0.01,47.89,0.02
34.01,-4.52,-0.53,3.87,0.50,0.27,47.83,0.01,47.90,0.01
34.02,-4.63,-0.38,5.41,0.50,0.27,47.83,0.01,47.90,0.01
34.03,-4.23,-0.91,5.19,0.50,0.27,47.82,0.01,47.88,0.02
34.04,-5.24,0.39,4.21,0.50,0.26,47.82,0.01,47.89,0.02
34.05,-5.56,0.83,5.31,0.50,0.26,47.82,-0.00,47.90,0.01
34.06,-3.93,-1.31,5.53,0.47,0.26,47.82,0.01,47.89,0.01
34.07,-4.81,0.27,4.71,0.47,0.26,47.82,-0.00,47.91,0.02
34.08,-4.35,-0.32,4.87,0.47,0.26,47.82,-0.00,47.89,0.01
34.09,-4.98,0.50,4.30,0.47,0.26,47.82,0.00,47.90,0.02
34.10,-4.17,-0.57,3.82,0.47,0.25,47.81,0.00,47.90,0.01
34.11,-4.29,-0.41,3.76,0.47,0.25,47.82,0.01,47.90,0.01
34.12,-3.81,-1.05,4.13,0.47,0.25,47.82,0.01,47.90,0.01
34.13,-5.14,0.69,4.16,0.47,0.25,47.83,0.00,47.89,0.01
34.14,-4.52,-0.12,4.80,0.47,0.24,47.82,0.00,47.90,0.01
34.15,-3.97,-0.85,5.08,0.47,0.24,47.82,0.01,47.89,0.01
34.16,-5.16,0.71,3.83,0.47,0.24,47.82,-0.00,47.90,0.01
34.17,-3.50,-1.02,4.33,0.43,0.24,47.82,0.00,47.89,0.02
34.18,-4.41,0.15,4.10,0.43,0.24,47.82,0.01,47.90,0.01
34.19,-4.32,0.04,4.70,0.43,0.24,47.81,-0.00,47.90,0.01
34.20,-4.05,-0.31,3.22,0.43,0.23,47.81,0.00,47.89,0.01
34.21,-4.23,-0.08,3.07,0.43,0.23,47.82,0.00,47.90,0.01
34.22,-3.85,-0.59,4.38,0.43,0.22,47.82,0.00,47.89,0.01
34.23,-3.95,-0.46,4.66,0.43,0.22,47.82,0.01,47.90,0.01
34.24,-3.84,-0.62,3.85,0.43,0.22,47.83,0.02,47.90,0.01
34.25,-4.41,0.12,2.68,0.43,0.22,47.82,0.01,47.89,0.01
34.26,-3.75,-0.73,3.55,0.43,0.22,47.82,0.00,47.90,0.01
34.27,-3.80,-0.25,4.53,0.40,0.22,47.81,0.02,47.90,0.01
34.28,-3.83,-0.21,4.04,0.40,0.21,47.81,0.01,47.90,0.01
34.29,-3.76,-0.30,3.52,0.40,0.21,47.83,0.00,47.89,0.01
34.30,-3.81,-0.24,3.88,0.40,0.20,47.83,0.01,47.90,0.01
34.31,-3.96,-0.05,4.73,0.40,0.20,47.82,0.00,47.90,0.01
34.32,-3.97,-0.03,3.92,0.40,0.20,47.82,-0.00,47.90,0.01
34.33,-3.94,-0.07,3.81,0.40,0.19,47.82,0.00,47.90,0.01
34.34,-3.28,-0.94,3.19,0.40,0.19,47.82,0.01,47.89,0.01
34.35,-4.03,0.03,3.60,0.40,0.19,47.82,0.00,47.90,0.01
34.36,-2.92,-1.43,4.57,0.40,0.19,47.82,0.02,47.89,0.01
34.37,-2.82,-1.12,3.45,0.37,0.19,47.82,0.02,47.90,0.01
34.38,-3.70,0.02,3.22,0.37,0.18,47.82,0.01,47.90,0.01
34.39,-3.70,0.01,3.16,0.37,0.18,47.81,0.00,47.90,0.01
34.40,-3.58,-0.14,2.86,0.37,0.18,47.83,-0.00,47.90,0.01
34.41,-2.40,-1.69,2.71,0.37,0.18,47.83,0.03,47.90,0.01
34.42,-4.15,0.60,2.87,0.37,0.18,47.82,0.00,47.89,0.01
34.43,-2.92,-1.01,3.49,0.37,0.17,47.81,0.01,47.89,0.01
34.44,-3.50,-0.27,4.41,0.37,0.17,47.81,0.01,47.90,0.01
34.45,-4.23,0.69,3.66,0.37,0.17,47.82,0.00,47.90,0.01
34.46,-3.25,-0.59,3.61,0.37,0.16,47.82,0.00,47.89,0.01
34.47,-3.58,0.28,4.84,0.33,0.16,47.82,0.00,47.89,0.01
34.48,-2.72,-0.86,3.55,0.33,0.16,47.82,0.01,47.90,0.01
34.49,-3.00,-0.48,1.98,0.33,0.15,47.83,0.00,47.88,0.01
34.50,-2.87,-0.67,1.00,0.33,0.16,47.82,0.02,47.90,0.01
34.51,-2.91,-0.63,0.68,0.33,0.16,47.82,0.01,47.89,0.00
34.52,-2.80,-0.79,0.86,0.33,0.16,47.82,0.03,47.89,0.01
34.53,-1.95,-1.91,0.84,0.33,0.16,47.82,0.08,47.90,0.01
34.54,-2.57,-1.10,1.58,0.33,0.15,47.82,0.03,47.89,0.00
34.55,-3.80,0.49,2.91,0.33,0.15,47.82,0.01,47.90,0.00
34.56,-3.75,0.43,3.23,0.33,0.15,47.82,0.00,47.89,0.00
34.57,-3.51,0.56,3.75,0.30,0.14,47.82,0.00,47.90,0.01
34.58,-1.14,-2.55,4.04,0.30,0.13,47.81,0.06,47.89,0.00
34.59,-3.57,0.63,3.04,0.30,0.13,47.82,-0.00,47.90,0.01
34.60,-0.95,-2.81,3.54,0.30,0.12,47.82,0.06,47.90,0.01
34.61,-2.95,-0.20,4.42,0.30,0.12,47.82,0.01,47.90,0.00
34.62,-2.00,-1.45,2.81,0.30,0.11,47.82,0.03,47.90,0.01
34.63,-3.38,0.34,2.90,0.30,0.11,47.83,0.00,47.89,0.01
34.64,-2.77,-0.44,1.83,0.30,0.11,47.82,-0.00,47.90,0.01
34.65,-2.99,-0.16,2.38,0.30,0.11,47.82,0.00,47.90,0.00
34.66,-2.37,-0.96,2.62,0.30,0.11,47.82,0.01,47.90,0.01
34.67,-2.77,-0.47,3.32,0.27,0.11,47.82,0.03,47.89,0.01
34.68,-2.71,-0.10,3.29,0.27,0.11,47.82,0.00,47.89,0.01
34.69,-2.18,-0.81,1.97,0.27,0.11,47.81,0.02,47.89,0.00
34.70,-3.19,0.51,2.14,0.27,0.10,47.83,0.00,47.90,0.00
34.71,-1.41,-1.82,2.44,0.27,0.10,47.82,0.04,47.90,0.00
34.72,-2.06,-0.99,1.99,0.27,0.10,47.81,0.03,47.89,0.00
34.73,-1.92,-1.17,1.99,0.27,0.10,47.83,0.03,47.89,0.00
34.74,-2.01,-1.07,1.73,0.27,0.10,47.82,0.03,47.89,0.00
34.75,-2.75,-0.11,1.80,0.27,0.10,47.81,0.01,47.89,0.00
34.76,-2.38,-0.59,1.89,0.27,0.10,47.82,0.00,47.89,0.00
34.77,-2.07,-1.00,1.28,0.27,0.10,47.83,0.03,47.90,0.00
34.78,-2.89,0.52,1.30,0.23,0.10,47.82,0.00,47.89,0.00
34.79,-1.77,-0.96,1.54,0.23,0.10,47.82,0.02,47.88,0.00
34.80,-2.48,-0.04,2.28,0.23,0.10,47.82,0.01,47.90,0.00
34.81,-1.57,-1.22,2.14,0.23,0.10,47.83,0.01,47.90,0.00
34.82,-1.53,-1.29,0.72,0.23,0.10,47.83,0.03,47.90,0.00
34.83,-2.00,-0.68,0.84,0.23,0.10,47.82,0.03,47.90,0.00
34.84,-2.97,0.59,0.81,0.23,0.09,47.82,0.01,47.89,0.00
34.85,-1.47,-1.38,0.32,0.23,0.09,47.82,0.01,47.90,0.00
34.86,-3.11,0.77,-0.22,0.23,0.09,47.82,0.00,47.89,0.00
34.87,-2.53,0.02,0.29,0.23,0.08,47.82,0.00,47.89,0.00
34.88,-1.87,-0.42,-0.14,0.20,0.08,47.82,0.00,47.89,0.00
34.89,-2.30,0.15,0.13,0.20,0.08,47.82,0.00,47.90,0.00
34.90,-1.75,-0.58,0.04,0.20,0.08,47.82,0.01,47.91,0.00
34.91,-1.37,-1.08,0.03,0.20,0.08,47.82,0.04,47.90,0.00
34.92,-1.77,-0.56,0.06,0.20,0.07,47.82,0.01,47.89,0.00
34.93,-2.24,0.05,0.05,0.20,0.07,47.82,0.01,47.90,0.00
34.94,-1.03,-1.55,0.04,0.20,0.07,47.83,0.05,47.91,0.00
34.95,-1.46,-0.98,0.17,0.20,0.07,47.82,0.03,47.90,0.00
34.96,-1.33,-1.17,-0.14,0.20,0.06,47.82,0.03,47.91,0.00
34.97,-0.66,-2.05,0.07,0.20,0.06,47.82,0.06,47.90,0.00
34.98,-1.16,-0.97,-0.11,0.17,0.06,47.82,0.01,47.91,0.00
34.99,-1.60,-0.40,0.05,0.17,0.06,47.82,0.02,47.90,0.00
35.00,-0.61,-1.71,0.13,0.17,0.06,47.84,0.05,47.90,0.00
35.01,-1.41,-0.67,-0.10,0.17,0.06,47.82,0.01,47.90,0.00
35.02,-2.13,0.26,-0.13,0.17,0.06,47.82,0.01,47.89,0.00
35.03,-1.47,-0.59,-0.00,0.17,0.06,47.82,0.01,47.88,-0.00
35.04,-1.63,-0.39,0.21,0.17,0.06,47.83,0.02,47.89,0.00
35.05,-0.97,-1.26,-0.03,0.17,0.06,47.82,0.02,47.90,0.00
35.06,-1.21,-0.94,0.26,0.17,0.06,47.83,0.01,47.90,0.00
35.07,-1.11,-1.09,0.17,0.17,0.05,47.82,0.03,47.90,0.00
35.08,-1.38,-0.31,0.38,0.13,0.05,47.83,0.02,47.90,0.00
35.09,-0.49,-1.47,0.62,0.13,0.04,47.82,0.05,47.88,0.00
35.10,-1.70,0.10,1.38,0.13,0.04,47.83,0.01,47.89,0.00
35.11,-1.20,-0.55,1.97,0.13,0.03,47.82,0.01,47.89,0.00
35.12,-1.02,-0.79,2.56,0.13,0.02,47.83,0.02,47.90,0.00
35.13,-1.07,-0.73,2.28,0.13,0.01,47.82,0.01,47.90,0.00
35.14,-1.16,-0.61,2.07,0.13,0.01,47.82,0.03,47.90,0.00
35.15,-1.05,-0.76,1.69,0.13,0.00,47.82,0.01,47.91,0.00
35.16,-1.15,-0.64,-0.00,0.13,0.00,47.82,0.02,47.89,0.00
35.17,-1.19,-0.59,-0.19,0.13,0.00,47.81,0.02,47.90,0.00
35.18,-0.57,-0.97,0.11,0.10,0.00,47.82,0.04,47.90,0.00
35.19,-0.33,-1.29,-0.19,0.10,0.00,47.83,0.04,47.90,0.00
35.20,-0.47,-1.12,0.13,0.10,-0.00,47.83,0.04,47.89,0.00
35.21,-0.58,-0.98,0.07,0.10,-0.01,47.82,0.03,47.90,0.00
35.22,-0.41,-1.21,0.14,0.10,-0.01,47.82,0.04,47.90,0.00
35.23,-0.53,-1.07,-0.02,0.10,-0.02,47.83,0.04,47.89,0.00
35.24,-0.60,-0.98,0.01,0.10,-0.02,47.82,0.03,47.90,0.00
35.25,-0.75,-0.79,-0.01,0.10,-0.03,47.83,0.02,47.89,0.00
35.26,-0.93,-0.56,0.16,0.10,-0.03,47.81,0.01,47.89,0.00
35.27,-0.49,-1.13,0.19,0.10,-0.04,47.82,0.03,47.90,0.00
35.28,-0.89,-0.62,0.24,0.07,-0.05,47.82,0.02,47.89,0.00
35.29,-0.83,-0.25,0.17,0.07,-0.05,47.82,0.00,47.89,0.00
35.30,-0.62,-0.54,0.05,0.07,-0.06,47.82,0.01,47.90,0.00
35.31,-1.01,-0.02,0.38,0.07,-0.06,47.83,0.00,47.90,0.00
35.32,-1.66,0.83,0.62,0.07,-0.07,47.82,0.00,47.90,0.00
35.33,-0.29,-0.95,1.92,0.07,-0.07,47.82,0.01,47.89,0.00
35.34,-1.86,1.10,1.32,0.07,-0.08,47.82,-0.00,47.89,-0.00
35.35,-0.56,-0.59,1.73,0.07,-0.10,47.82,0.00,47.89,0.00
35.36,-1.05,0.06,2.64,0.07,-0.11,47.83,0.00,47.89,0.00
35.37,-0.94,-0.08,2.12,0.07,-0.13,47.82,0.00,47.90,0.00
35.38,-0.68,-0.42,1.59,0.07,-0.14,47.82,0.00,47.90,0.00
35.39,-0.20,-0.61,1.12,0.03,-0.14,47.82,0.00,47.89,0.00
35.40,-0.50,-0.22,0.01,0.03,-0.14,47.83,0.00,47.89,-0.00
35.41,-0.52,-0.20,-0.19,0.03,-0.14,47.80,0.00,47.90,0.00
35.42,-0.40,-0.34,0.17,0.03,-0.14,47.82,0.00,47.90,0.00
35.43,-0.29,-0.49,-0.06,0.03,-0.14,47.82,0.00,47.90,0.00
35.44,-0.26,-0.54,-0.04,0.03,-0.13,47.82,0.01,47.89,0.00
35.45,-0.19,-0.63,-0.08,0.03,-0.12,47.83,0.01,47.90,0.00
35.46,-0.05,-0.82,-0.16,0.03,-0.12,47.82,0.01,47.90,0.00
35.47,-0.06,-0.80,-0.08,0.03,-0.11,47.82,0.02,47.90,0.00
35.48,-0.24,-0.57,0.01,0.03,-0.10,47.81,0.02,47.89,0.00
35.49,0.13,-0.62,0.07,0.00,-0.10,47.83,0.01,47.89,-0.00
35.50,-0.02,-0.42,-0.10,0.00,-0.09,47.83,0.01,47.90,0.00
35.51,-0.04,-0.39,-0.08,0.00,-0.08,47.82,0.01,47.90,0.00
35.52,0.08,-0.56,-0.22,0.00,-0.07,47.83,0.01,47.90,-0.00
35.53,0.08,-0.56,-0.02,0.00,-0.05,47.82,0.01,47.90,0.00
35.54,0.02,-0.47,-0.07,0.00,-0.03,47.83,0.01,47.91,-0.00
35.55,0.00,-0.45,-0.04,0.00,-0.02,47.82,0.01,47.90,-0.00
35.56,-0.09,-0.33,0.15,0.00,-0.01,47.83,0.01,47.90,0.00
35.57,0.01,-0.47,0.07,0.00,-0.01,47.82,0.01,47.90,-0.00
